551 3158
1	345	1.27503
1	422	1.88745
1	476	2.18145
1	491	2.38489
1	510	2.6472
1	513	2.64242
2	359	1.3201
2	495	2.39001
2	516	2.62416
2	518	2.62385
2	519	2.62193
2	528	2.61836
2	529	2.61311
3	395	1.75228
3	484	2.17187
3	493	2.41125
3	501	2.49425
3	507	2.50423
3	512	2.49944
3	524	2.81444
4	158	1.24784
4	400	2.43915
4	425	2.687
4	434	2.63602
4	438	2.67653
4	442	2.62201
4	464	2.7638
5	509	2.17434
5	522	2.3753
5	531	2.55534
5	533	2.55033
5	534	2.5439
5	536	2.53601
5	537	2.52665
6	55	2.09179
6	76	2.1445
6	94	2.1069
6	130	2.31222
6	199	2.52261
6	211	2.51993
6	252	2.69274
7	190	1.68205
7	272	2.1761
7	327	2.28969
7	336	2.28697
7	378	2.58687
7	392	2.58091
7	419	2.98475
8	86	1.86308
8	134	2.09736
8	181	2.31187
8	186	2.32783
8	240	2.31363
8	248	2.83663
8	267	2.5149
9	78	1.71622
9	125	2.04374
9	142	1.95442
9	270	2.36056
9	306	2.56822
9	331	2.55707
9	363	3.04127
10	104	1.70684
10	125	1.94987
10	203	2.13014
10	264	2.47639
10	270	2.26669
10	306	2.47436
10	372	3.07331
11	16	1.89444
11	79	2.03985
11	131	2.14847
11	173	2.19771
11	299	2.57651
11	302	2.91744
11	304	2.56947
12	88	1.80106
12	182	2.21183
12	249	2.44942
12	271	2.45602
12	277	2.45833
12	291	2.45588
12	298	2.44846
13	375	1.86376
13	409	2.39595
13	421	2.3083
13	430	2.51118
13	432	2.36189
13	452	2.49064
13	461	2.67316
14	38	1.79164
14	133	2.11973
14	165	2.10468
14	185	2.73597
14	229	2.28286
14	237	2.39479
14	281	2.85707
15	56	1.37323
15	156	1.53362
15	272	2.32962
15	336	2.44049
15	378	2.74039
15	392	2.73443
15	419	3.13827
16	11	1.89444
16	79	2.05147
16	131	2.16009
16	166	2.20788
16	299	2.58814
16	302	2.92906
16	304	2.58109
17	138	2.05543
17	151	2.09438
17	175	2.19505
17	195	2.34055
17	209	2.34467
17	268	2.82672
17	287	2.50178
18	52	2.07539
18	137	2.24925
18	147	2.27805
18	153	2.24322
18	215	2.47513
18	236	2.43864
18	295	2.62373
19	348	1.82397
19	375	1.96494
19	421	2.40949
19	430	2.61237
19	432	2.46307
19	452	2.59183
19	461	2.77434
20	105	0.914343
20	323	1.75908
20	374	2.17094
20	441	2.70828
20	448	2.77133
20	462	2.76489
20	477	3.12141
21	81	1.65892
21	224	1.99534
21	253	2.20441
21	297	2.29986
21	307	2.45343
21	337	2.77169
21	383	2.76837
22	511	2.18334
22	530	2.38
22	531	2.56138
22	533	2.55637
22	534	2.54994
22	536	2.54205
22	537	2.53269
23	354	1.54282
23	476	2.26517
23	483	2.45622
23	487	2.39523
23	491	2.46862
23	510	2.73092
23	513	2.72615
24	122	0.939163
24	356	2.03814
24	426	2.62159
24	427	2.54035
24	445	2.59974
24	447	2.8433
24	471	2.94604
25	539	2.24254
25	543	2.26983
25	545	2.2683
25	547	2.26806
25	548	2.45165
25	550	2.7391
25	551	2.56263
26	52	2.09193
26	137	2.26579
26	147	2.29459
26	153	2.25976
26	174	2.2473
26	215	2.49167
26	295	2.64027
27	71	1.84635
27	155	2.03231
27	160	2.2154
27	179	2.34499
27	261	2.48046
27	305	2.66708
27	366	2.81333
28	486	1.9914
28	502	2.20701
28	508	2.35401
28	515	2.5353
28	525	2.53404
28	527	2.5274
28	532	2.832
29	395	1.77491
29	484	2.1945
29	493	2.43388
29	499	2.33768
29	507	2.52685
29	512	2.52207
29	524	2.83707
30	55	2.08649
30	76	2.1392
30	82	2.03889
30	128	2.28704
30	199	2.51732
30	211	2.51464
30	252	2.68744
31	522	2.36124
31	530	2.3599
31	531	2.54129
31	533	2.53627
31	534	2.52984
31	536	2.52196
31	537	2.5126
32	208	1.41294
32	231	1.51378
32	318	2.0602
32	347	2.17032
32	428	2.78655
32	437	2.78573
32	466	3.33177
33	263	1.62012
33	265	1.5671
33	393	2.38222
33	407	2.42499
33	433	2.55138
33	444	2.69949
33	470	3.05916
34	357	1.73489
34	362	2.03632
34	375	2.04882
34	409	2.58101
34	421	2.49337
34	432	2.54696
34	452	2.67571
35	403	1.47661
35	456	1.96121
35	492	2.19344
35	514	2.5677
35	517	2.67932
35	520	2.72454
35	535	2.84191
36	48	1.66942
36	111	1.57012
36	189	2.10576
36	250	2.50784
36	325	2.52911
36	352	3.02786
36	384	2.84087
37	275	1.45716
37	348	1.89426
37	409	2.56742
37	430	2.68265
37	432	2.53336
37	452	2.66211
37	461	2.84463
38	14	1.79164
38	124	2.4825
38	133	2.05696
38	185	2.67321
38	227	2.22114
38	237	2.33202
38	281	2.7943
39	218	1.98939
39	309	2.13042
39	311	2.28312
39	328	2.2578
39	358	2.45396
39	364	2.77301
39	386	2.56836
40	49	1.84825
40	202	2.14662
40	225	2.16695
40	257	2.35727
40	280	2.41814
40	313	2.56579
40	370	2.84129
41	183	0.750908
41	353	1.54859
41	468	2.65477
41	474	2.6015
41	482	2.72369
41	506	2.88914
41	521	3.36322
42	123	2.14823
42	150	2.06755
42	184	2.27516
42	226	2.34123
42	260	2.50736
42	278	2.50498
42	294	2.4976
43	296	1.77576
43	396	2.47049
43	425	2.55557
43	434	2.50459
43	438	2.5451
43	442	2.49058
43	464	2.63237
44	160	2.12796
44	179	2.25755
44	212	2.12576
44	233	2.156
44	261	2.39302
44	305	2.57963
44	366	2.72589
45	53	1.44058
45	120	1.63019
45	141	1.42915
45	322	2.45171
45	355	2.59407
45	399	3.20034
45	401	3.19463
46	123	2.11907
46	184	2.246
46	217	2.25916
46	226	2.31207
46	260	2.4782
46	278	2.47583
46	294	2.46844
47	191	1.13638
47	201	1.3334
47	389	2.43226
47	427	2.76569
47	445	2.82508
47	447	3.06863
47	471	3.17138
48	36	1.66942
48	64	1.63628
48	250	2.52988
48	256	2.45753
48	325	2.55115
48	352	3.0499
48	384	2.8629
49	40	1.84825
49	101	1.91876
49	202	2.28952
49	225	2.30985
49	280	2.56104
49	315	2.62813
49	370	2.98419
50	104	1.62113
50	125	1.86416
50	270	2.18098
50	306	2.38864
50	331	2.37749
50	363	2.86169
50	372	2.98759
51	192	2.16229
51	234	1.73429
51	247	2.12104
51	255	1.95361
51	380	2.5045
51	394	2.916
51	411	2.9102
52	18	2.07539
52	26	2.09193
52	69	2.08058
52	153	2.34876
52	215	2.58067
52	236	2.54418
52	295	2.72927
53	45	1.44058
53	266	1.93931
53	322	2.2633
53	346	2.4185
53	355	2.40566
53	399	3.01194
53	401	3.00623
54	290	1.62302
54	318	1.82887
54	390	2.23515
54	405	2.39404
54	428	2.55522
54	437	2.5544
54	466	3.10044
55	6	2.09179
55	30	2.08649
55	94	2.13667
55	130	2.342
55	199	2.55239
55	211	2.54971
55	252	2.72252
56	15	1.37323
56	272	2.27025
56	308	2.27462
56	327	2.38384
56	378	2.68102
56	392	2.67506
56	419	3.0789
57	145	2.32157
57	180	2.08355
57	205	2.10865
57	276	2.2618
57	297	2.32332
57	320	2.47715
57	383	2.79183
58	122	0.946421
58	389	2.21418
58	426	2.62885
58	427	2.54761
58	445	2.607
58	447	2.85056
58	471	2.9533
59	371	2.0701
59	373	2.05379
59	377	2.0629
59	424	2.50134
59	431	2.44985
59	443	2.60099
59	457	2.59561
60	218	1.9819
60	311	2.27563
60	324	2.20449
60	328	2.25031
60	358	2.44647
60	364	2.76552
60	386	2.56087
61	127	1.64871
61	169	2.07323
61	193	2.1312
61	334	2.26209
61	351	2.46699
61	414	2.78794
61	420	3.05116
62	135	1.93245
62	157	1.93995
62	196	2.21737
62	258	2.42509
62	288	2.42921
62	300	2.42838
62	329	2.90791
63	68	1.84192
63	115	1.69528
63	148	1.90502
63	285	2.36132
63	335	2.57781
63	369	3.03047
63	382	2.88764
64	48	1.63628
64	168	2.19423
64	189	2.07262
64	228	2.07959
64	256	2.40235
64	352	2.99472
64	384	2.80772
65	362	1.84298
65	409	2.38768
65	421	2.30004
65	430	2.50292
65	432	2.35362
65	452	2.48237
65	461	2.66489
66	296	1.81003
66	400	2.34198
66	425	2.58983
66	434	2.53886
66	438	2.57936
66	442	2.52485
66	464	2.66663
67	318	1.80241
67	361	1.89898
67	390	2.20869
67	405	2.36757
67	408	2.34815
67	437	2.52794
67	466	3.07398
68	63	1.84192
68	139	2.15719
68	154	2.0973
68	178	2.27657
68	238	2.29987
68	285	2.49301
68	382	3.01933
69	52	2.08058
69	137	2.25444
69	147	2.28325
69	174	2.23596
69	215	2.48033
69	236	2.44384
69	295	2.62892
70	155	1.97308
70	160	2.15616
70	177	2.00827
70	261	2.42122
70	269	2.36751
70	305	2.60784
70	366	2.75409
71	27	1.84635
71	160	2.24025
71	177	2.09236
71	212	2.23806
71	269	2.4516
71	305	2.69193
71	366	2.83818
72	272	2.12167
72	308	2.12604
72	327	2.23526
72	336	2.23254
72	378	2.53244
72	392	2.52648
72	419	2.93032
73	134	2.1193
73	143	2.1331
73	181	2.33381
73	186	2.34978
73	213	2.32748
73	240	2.33557
73	267	2.53685
74	456	1.84221
74	485	2.04027
74	503	2.38988
74	514	2.44869
74	520	2.60553
74	526	2.55863
74	535	2.72291
75	92	1.85769
75	131	2.0996
75	166	2.14739
75	173	2.14884
75	299	2.52765
75	302	2.86857
75	304	2.5206
76	6	2.1445
76	30	2.1392
76	82	2.12667
76	94	2.18938
76	128	2.37483
76	211	2.60242
76	252	2.77523
77	197	1.67754
77	266	1.9713
77	293	2.08449
77	301	1.97793
77	346	2.45049
77	399	3.04392
77	401	3.03821
78	9	1.71622
78	142	1.83223
78	203	2.10182
78	306	2.44603
78	331	2.43488
78	363	2.91908
78	372	3.04498
79	11	2.03985
79	16	2.05147
79	92	2.06359
79	166	2.35329
79	173	2.35474
79	299	2.73355
79	304	2.7265
80	459	1.68373
80	486	2.09393
80	500	2.29068
80	508	2.45654
80	525	2.63657
80	527	2.62994
80	532	2.93454
81	21	1.65892
81	205	2.07625
81	276	2.22941
81	307	2.4445
81	320	2.44475
81	337	2.76276
81	383	2.75944
82	30	2.03889
82	76	2.12667
82	128	2.27452
82	130	2.2944
82	199	2.50479
82	211	2.50211
82	252	2.67492
83	488	1.97212
83	500	2.20811
83	502	2.22698
83	515	2.55526
83	525	2.554
83	527	2.54737
83	532	2.85197
84	87	1.74221
84	139	1.99179
84	178	2.11118
84	238	2.13448
84	335	2.5441
84	369	2.99676
84	382	2.85393
85	275	1.59281
85	348	2.02992
85	357	1.85695
85	421	2.61543
85	432	2.66902
85	452	2.79777
85	461	2.98028
86	8	1.86308
86	143	2.11454
86	181	2.31525
86	186	2.33121
86	213	2.30892
86	248	2.84001
86	267	2.51828
87	84	1.74221
87	115	1.76096
87	139	2.09118
87	148	1.9707
87	335	2.64349
87	369	3.09615
87	382	2.95332
88	12	1.80106
88	200	2.2519
88	249	2.47712
88	271	2.48372
88	277	2.48603
88	291	2.48358
88	298	2.47615
89	129	1.09771
89	356	2.06537
89	389	2.23416
89	427	2.56759
89	445	2.62698
89	447	2.87053
89	471	2.97328
90	201	1.12046
90	389	2.21931
90	426	2.63398
90	427	2.55274
90	445	2.61214
90	447	2.85569
90	471	2.95843
91	286	1.47349
91	400	2.35806
91	425	2.60591
91	434	2.55494
91	438	2.59544
91	442	2.54093
91	464	2.68271
92	75	1.85769
92	79	2.06359
92	166	2.21999
92	173	2.22145
92	299	2.60025
92	302	2.94118
92	304	2.59321
93	403	1.43737
93	456	1.92198
93	514	2.52846
93	517	2.64008
93	520	2.6853
93	526	2.6384
93	535	2.80268
94	6	2.1069
94	55	2.13667
94	76	2.18938
94	128	2.33723
94	130	2.35711
94	199	2.5675
94	252	2.73763
95	98	1.57496
95	228	2.0219
95	250	2.41701
95	256	2.34466
95	325	2.43828
95	352	2.93703
95	384	2.75003
96	146	1.94453
96	196	2.17782
96	230	2.15893
96	258	2.38554
96	288	2.38966
96	300	2.38882
96	329	2.86836
97	353	1.35189
97	468	2.45808
97	469	2.39076
97	473	2.31976
97	474	2.40481
97	506	2.69245
97	521	3.16653
98	95	1.57496
98	168	2.24578
98	189	2.12416
98	250	2.52625
98	256	2.4539
98	325	2.54752
98	384	2.85927
99	451	2.1009
99	468	2.33995
99	469	2.27263
99	473	2.20163
99	482	2.40887
99	506	2.57432
99	521	3.0484
100	124	2.40897
100	165	1.96838
100	185	2.59967
100	227	2.14761
100	229	2.14656
100	237	2.25849
100	281	2.72077
101	49	1.91876
101	121	1.93864
101	176	2.06028
101	202	2.21713
101	257	2.42778
101	313	2.6363
101	370	2.91181
102	123	2.14725
102	150	2.06657
102	217	2.28734
102	226	2.34025
102	260	2.50639
102	278	2.50401
102	294	2.49662
103	282	1.12909
103	339	1.24923
103	492	2.40767
103	517	2.89355
103	520	2.93877
103	526	2.89187
103	535	3.05614
104	10	1.70684
104	50	1.62113
104	203	2.1863
104	270	2.32285
104	331	2.51936
104	363	3.00356
104	372	3.12946
105	20	0.914343
105	385	2.20083
105	402	2.51523
105	441	2.68895
105	448	2.75199
105	462	2.74555
105	477	3.10208
106	451	2.09386
106	468	2.3329
106	469	2.26558
106	474	2.27963
106	482	2.40182
106	506	2.56727
106	521	3.04135
107	144	2.11791
107	151	2.14326
107	175	2.24393
107	188	2.33745
107	195	2.38943
107	209	2.39355
107	287	2.55066
108	234	1.76791
108	247	2.15466
108	255	1.98723
108	262	1.93376
108	380	2.53812
108	394	2.94961
108	411	2.94381
109	193	2.10951
109	221	1.89416
109	289	2.06366
109	310	2.22342
109	316	2.26541
109	414	2.76625
109	420	3.02947
110	290	1.6058
110	388	2.12215
110	390	2.21793
110	405	2.37681
110	408	2.35739
110	428	2.538
110	466	3.08322
111	36	1.57012
111	228	2.03547
111	250	2.43058
111	256	2.35823
111	325	2.45184
111	352	2.95059
111	384	2.7636
112	381	1.54656
112	451	2.188
112	468	2.42704
112	469	2.35972
112	482	2.49596
112	506	2.66141
112	521	3.13549
113	190	1.67321
113	308	2.17163
113	327	2.28085
113	336	2.27813
113	378	2.57803
113	392	2.57207
113	419	2.97591
114	540	2.23706
114	542	2.24859
114	543	2.25988
114	546	2.25929
114	548	2.44169
114	550	2.72914
114	551	2.55268
115	63	1.69528
115	87	1.76096
115	238	2.15323
115	285	2.34637
115	335	2.56285
115	369	3.01551
115	382	2.87268
116	539	2.4309
116	540	2.43537
116	542	2.4469
116	545	2.45666
116	546	2.4576
116	547	2.45641
116	548	2.64
116	550	2.92745
117	374	2.15618
117	385	2.2054
117	391	2.18344
117	402	2.51979
117	441	2.69352
117	448	2.75656
117	462	2.75012
117	477	3.10665
118	161	1.55742
118	192	2.33581
118	220	1.77442
118	247	2.29456
118	321	2.99833
118	380	2.67802
118	394	3.08952
118	411	3.08372
119	176	2.08404
119	225	2.26122
119	257	2.45154
119	280	2.51241
119	292	2.38499
119	313	2.66006
119	315	2.57951
119	370	2.93557
120	45	1.63019
120	293	2.24212
120	301	2.13556
120	322	2.45291
120	346	2.60812
120	355	2.59528
120	399	3.20155
120	401	3.19584
121	101	1.93864
121	176	2.15254
121	257	2.52004
121	280	2.58092
121	292	2.45349
121	313	2.72856
121	315	2.64801
121	370	3.00407
122	24	0.939163
122	58	0.946421
122	389	2.73278
122	426	3.14745
122	427	3.06621
122	445	3.1256
122	447	3.36915
122	471	3.47189
123	42	2.14823
123	46	2.11907
123	102	2.14725
123	184	2.62079
123	217	2.63395
123	260	2.85299
123	278	2.85062
123	294	2.84323
124	38	2.4825
124	100	2.40897
124	133	2.81058
124	227	2.97477
124	229	2.97372
124	237	3.08565
124	281	3.54793
124	466	7.00928
125	9	2.04374
125	10	1.94987
125	50	1.86416
125	142	2.15974
125	264	2.77558
125	331	2.76239
125	363	3.24659
125	372	3.37249
126	284	1.09963
126	353	1.7134
126	451	2.58054
126	469	2.75227
126	473	2.68126
126	474	2.76631
126	506	3.05395
126	521	3.52803
127	61	1.64871
127	193	2.29036
127	273	2.53494
127	289	2.24451
127	316	2.44626
127	351	2.62615
127	414	2.9471
127	420	3.21032
128	30	2.28704
128	76	2.37483
128	82	2.27452
128	94	2.33723
128	130	2.54255
128	199	2.75295
128	211	2.75026
128	252	2.92307
129	89	1.09771
129	329	3.64829
129	389	2.86409
129	426	3.27876
129	427	3.19752
129	445	3.25691
129	447	3.50046
129	471	3.60321
130	6	2.31222
130	55	2.342
130	82	2.2944
130	94	2.35711
130	128	2.54255
130	199	2.77283
130	211	2.77015
130	252	2.94295
131	11	2.14847
131	16	2.16009
131	75	2.0996
131	166	2.46191
131	173	2.46336
131	299	2.84217
131	302	3.18309
131	304	2.83512
132	296	1.94409
132	396	2.63882
132	400	2.47605
132	425	2.7239
132	434	2.67292
132	438	2.71342
132	442	2.65891
132	464	2.80069
133	14	2.11973
133	38	2.05696
133	124	2.81058
133	165	2.37
133	227	2.54922
133	229	2.54818
133	237	2.66011
133	281	3.12238
134	8	2.09736
134	73	2.1193
134	143	2.34882
134	186	2.56549
134	213	2.5432
134	240	2.55129
134	248	3.07429
134	267	2.75256
135	62	1.93245
135	146	2.19653
135	196	2.42982
135	230	2.41093
135	258	2.63753
135	288	2.64165
135	300	2.64082
135	329	3.12036
136	332	1.98088
136	385	2.21862
136	391	2.19666
136	402	2.53302
136	441	2.70674
136	448	2.76978
136	462	2.76334
136	477	3.11987
137	18	2.24925
137	26	2.26579
137	69	2.25444
137	147	2.55745
137	174	2.51016
137	215	2.75453
137	236	2.71804
137	295	2.90312
138	17	2.05543
138	144	2.27188
138	175	2.39791
138	188	2.49143
138	195	2.54341
138	209	2.54752
138	268	3.02958
138	287	2.70463
139	68	2.15719
139	84	1.99179
139	87	2.09118
139	154	2.28089
139	178	2.46015
139	238	2.48345
139	369	3.34573
139	382	3.20291
140	171	2.10612
140	182	2.37078
140	200	2.38316
140	249	2.60837
140	271	2.61497
140	277	2.61728
140	291	2.61483
140	298	2.60741
141	45	1.42915
141	293	2.04108
141	322	2.25187
141	346	2.40707
141	355	2.39423
141	399	3.00051
141	401	2.9948
142	9	1.95442
142	78	1.83223
142	125	2.15974
142	203	2.34001
142	264	2.68626
142	306	2.68423
142	363	3.15727
142	372	3.28318
143	73	2.1331
143	86	2.11454
143	134	2.34882
143	181	2.56333
143	213	2.557
143	240	2.56509
143	248	3.08809
143	267	2.76636
144	107	2.11791
144	138	2.27188
144	175	2.41151
144	188	2.50503
144	195	2.55701
144	209	2.56112
144	268	3.04317
144	287	2.71823
145	57	2.32157
145	180	2.69035
145	205	2.71544
145	276	2.8686
145	297	2.93012
145	307	3.08369
145	383	3.39863
145	395	5.23832
146	96	1.94453
146	135	2.19653
146	157	2.20403
146	230	2.46257
146	258	2.68917
146	288	2.69329
146	300	2.69246
146	329	3.172
147	18	2.27805
147	26	2.29459
147	69	2.28325
147	137	2.55745
147	153	2.55143
147	174	2.53897
147	236	2.74684
147	295	2.93193
148	63	1.90502
148	87	1.9707
148	154	2.1604
148	178	2.33967
148	285	2.55611
148	335	2.77259
148	369	3.22525
148	382	3.08242
149	365	1.54387
149	381	1.8235
149	468	2.70398
149	473	2.56566
149	474	2.65071
149	482	2.7729
149	506	2.93835
149	521	3.41243
150	42	2.06755
150	102	2.06657
150	184	2.54011
150	217	2.55327
150	226	2.60618
150	260	2.77231
150	278	2.76994
150	294	2.76255
151	17	2.09438
151	107	2.14326
151	175	2.43686
151	188	2.53038
151	195	2.58236
151	209	2.58648
151	268	3.06853
151	287	2.74359
152	222	1.40498
152	323	1.88662
152	374	2.29848
152	402	2.6621
152	441	2.83582
152	448	2.89886
152	462	2.89242
152	477	3.24895
153	18	2.24322
153	26	2.25976
153	52	2.34876
153	147	2.55143
153	174	2.50414
153	215	2.74851
153	236	2.71202
153	295	2.8971
154	68	2.0973
154	139	2.28089
154	148	2.1604
154	178	2.40027
154	238	2.42357
154	285	2.61671
154	335	2.83319
154	382	3.14302
155	27	2.03231
155	70	1.97308
155	179	2.5558
155	233	2.45426
155	261	2.69128
155	269	2.63756
155	305	2.87789
155	366	3.02415
156	15	1.53362
156	272	2.43065
156	308	2.43501
156	327	2.54423
156	336	2.54152
156	378	2.84141
156	392	2.83546
156	419	3.23929
157	62	1.93995
157	146	2.20403
157	196	2.43731
157	230	2.41843
157	258	2.64503
157	288	2.64915
157	300	2.64832
157	329	3.12786
158	4	1.24784
158	207	1.65655
158	286	1.95155
158	396	2.9989
158	425	3.08398
158	438	3.07351
158	442	3.01899
158	464	3.16078
159	242	2.32989
159	311	2.42604
159	312	2.27757
159	324	2.35491
159	328	2.40072
159	358	2.59688
159	364	2.91593
159	386	2.71128
160	27	2.2154
160	44	2.12796
160	70	2.15616
160	71	2.24025
160	179	2.73889
160	233	2.63735
160	305	3.06098
160	366	3.20723
161	118	1.55742
161	247	2.30532
161	255	2.13788
161	262	2.08442
161	321	3.00908
161	380	2.68878
161	394	3.10027
161	411	3.09447
162	235	1.58342
162	314	2.02445
162	393	2.55762
162	404	2.55729
162	407	2.60039
162	433	2.72679
162	444	2.8749
162	470	3.23457
163	480	1.95583
163	500	2.39496
163	502	2.41383
163	508	2.56082
163	515	2.74211
163	525	2.74085
163	527	2.73422
163	532	3.03882
164	365	1.49051
164	451	2.41158
164	468	2.65062
164	469	2.58331
164	473	2.5123
164	474	2.59735
164	482	2.71954
164	521	3.35907
165	14	2.10468
165	100	1.96838
165	133	2.37
165	185	2.98624
165	227	2.53418
165	229	2.53313
165	237	2.64506
165	281	3.10734
166	16	2.20788
166	75	2.14739
166	79	2.35329
166	92	2.21999
166	131	2.46191
166	299	2.88995
166	302	3.23088
166	304	2.8829
167	332	1.98088
167	385	2.21862
167	391	2.19666
167	402	2.53302
167	441	2.70674
167	448	2.76978
167	462	2.76334
167	477	3.11987
168	64	2.19423
168	98	2.24578
168	189	2.68575
168	250	3.08783
168	325	3.1091
168	352	3.60785
168	384	3.42085
168	420	5.23832
169	61	2.07323
169	221	2.49953
169	223	2.7
169	289	2.66903
169	316	2.87078
169	351	3.05067
169	414	3.37161
169	420	3.63484
170	218	2.1804
170	242	2.37798
170	309	2.32143
170	312	2.32566
170	324	2.403
170	358	2.64497
170	364	2.96402
170	386	2.75937
171	140	2.10612
171	182	2.38563
171	200	2.39801
171	249	2.62322
171	271	2.62982
171	277	2.63213
171	291	2.62968
171	298	2.62226
172	193	2.16469
172	273	2.40926
172	310	2.2786
172	316	2.32058
172	334	2.29557
172	351	2.50048
172	414	2.82142
172	420	3.08465
173	11	2.19771
173	75	2.14884
173	79	2.35474
173	92	2.22145
173	131	2.46336
173	299	2.8914
173	302	3.23233
173	304	2.88436
174	26	2.2473
174	69	2.23596
174	137	2.51016
174	147	2.53897
174	153	2.50414
174	215	2.73605
174	236	2.69956
174	295	2.88464
175	17	2.19505
175	107	2.24393
175	138	2.39791
175	144	2.41151
175	151	2.43686
175	188	2.63106
175	268	3.1692
175	287	2.84426
176	101	2.06028
176	119	2.08404
176	121	2.15254
176	280	2.70256
176	292	2.57513
176	313	2.8502
176	315	2.76965
176	370	3.12571
177	70	2.00827
177	71	2.09236
177	179	2.591
177	212	2.45922
177	233	2.48946
177	261	2.72648
177	269	2.67276
177	366	3.05934
178	68	2.27657
178	84	2.11118
178	139	2.46015
178	148	2.33967
178	154	2.40027
178	285	2.79597
178	335	3.01246
178	369	3.46512
178	382	3.32229
179	27	2.34499
179	44	2.25755
179	155	2.5558
179	160	2.73889
179	177	2.591
179	212	2.7367
179	233	2.76693
179	261	3.00395
179	269	2.95024
180	57	2.08355
180	145	2.69035
180	205	2.47743
180	224	2.38759
180	253	2.59665
180	297	2.69211
180	307	2.84568
180	320	2.84593
180	383	3.16061
181	8	2.31187
181	73	2.33381
181	86	2.31525
181	143	2.56333
181	186	2.78
181	213	2.75771
181	240	2.7658
181	248	3.2888
181	267	2.96707
182	12	2.21183
182	140	2.37078
182	171	2.38563
182	200	2.66267
182	249	2.88788
182	271	2.89448
182	277	2.89679
182	291	2.89434
182	298	2.88692
183	41	0.750908
183	381	2.13399
183	451	2.77543
183	469	2.94715
183	473	2.87615
183	474	2.9612
183	482	3.08339
183	506	3.24884
183	521	3.72292
184	42	2.27516
184	46	2.246
184	123	2.62079
184	150	2.54011
184	217	2.76088
184	226	2.81379
184	260	2.97993
184	278	2.97755
184	294	2.97016
185	14	2.73597
185	38	2.67321
185	100	2.59967
185	165	2.98624
185	227	3.16547
185	229	3.16442
185	237	3.27635
185	242	2.7
185	281	3.73863
186	8	2.32783
186	73	2.34978
186	86	2.33121
186	134	2.56549
186	181	2.78
186	213	2.77368
186	240	2.78176
186	248	3.30477
186	267	2.98304
187	343	1.82936
187	345	1.91987
187	354	2.10394
187	436	2.43586
187	449	2.67665
187	483	3.01734
187	487	2.95635
187	510	3.29204
187	513	3.28727
188	107	2.33745
188	138	2.49143
188	144	2.50503
188	151	2.53038
188	175	2.63106
188	195	2.77656
188	209	2.78067
188	268	3.26272
188	287	2.93778
189	36	2.10576
189	64	2.07262
189	98	2.12416
189	168	2.68575
189	228	2.57111
189	250	2.96622
189	256	2.89387
189	352	3.48624
189	384	3.29924
190	7	1.68205
190	113	1.67321
190	272	2.7326
190	308	2.73697
190	327	2.84619
190	336	2.84347
190	378	3.14337
190	392	3.13741
190	419	3.54125
191	47	1.13638
191	241	1.83998
191	356	2.53587
191	389	2.70465
191	426	3.11932
191	427	3.03808
191	445	3.09747
191	447	3.34103
191	471	3.44377
192	51	2.16229
192	118	2.33581
192	220	2.56355
192	255	2.91627
192	262	2.8628
192	330	3.64829
192	380	3.46716
192	394	3.87865
192	411	3.87285
193	61	2.1312
193	109	2.10951
193	127	2.29036
193	172	2.16469
193	221	2.5575
193	310	2.88676
193	334	2.90374
193	414	3.42959
193	420	3.69281
194	243	1.86523
194	371	2.5019
194	379	2.57026
194	406	2.70286
194	415	2.67337
194	424	2.93313
194	431	2.88164
194	443	3.03279
194	457	3.0274
195	17	2.34055
195	107	2.38943
195	138	2.54341
195	144	2.55701
195	151	2.58236
195	188	2.77656
195	209	2.83265
195	268	3.3147
195	287	2.98976
196	62	2.21737
196	96	2.17782
196	135	2.42982
196	157	2.43731
196	230	2.69585
196	258	2.92245
196	288	2.92657
196	300	2.92574
196	329	3.40528
197	77	1.67754
197	266	2.3327
197	293	2.44589
197	301	2.33933
197	322	2.65669
197	346	2.81189
197	355	2.79905
197	399	3.40532
197	401	3.39961
198	263	1.90662
198	333	2.10412
198	393	2.66872
198	397	2.60657
198	404	2.66839
198	407	2.71149
198	433	2.83789
198	444	2.98599
198	470	3.34567
199	6	2.52261
199	30	2.51732
199	55	2.55239
199	82	2.50479
199	94	2.5675
199	128	2.75295
199	130	2.77283
199	211	2.98054
199	252	3.15335
200	88	2.2519
200	140	2.38316
200	171	2.39801
200	182	2.66267
200	249	2.90026
200	271	2.90686
200	277	2.90917
200	291	2.90672
200	298	2.89929
201	47	1.3334
201	90	1.12046
201	241	2.03701
201	356	2.7329
201	426	3.31635
201	427	3.23511
201	445	3.2945
201	447	3.53806
201	471	3.6408
202	40	2.14662
202	49	2.28952
202	101	2.21713
202	225	2.60822
202	257	2.79854
202	292	2.73199
202	313	3.00706
202	315	2.9265
202	370	3.28256
203	10	2.13014
203	78	2.10182
203	104	2.1863
203	142	2.34001
203	264	2.95585
203	270	2.74615
203	306	2.95382
203	331	2.94266
203	372	3.55277
204	296	2.43601
204	396	3.13073
204	400	2.96796
204	425	3.21581
204	430	5.80948
204	434	3.16484
204	438	3.20534
204	442	3.15083
204	464	3.29261
205	57	2.10865
205	81	2.07625
205	145	2.71544
205	180	2.47743
205	253	2.62174
205	307	2.87077
205	320	2.87102
205	337	3.18903
205	383	3.1857
206	509	2.51201
206	511	2.51497
206	522	2.71297
206	530	2.71162
206	531	2.89301
206	533	2.88799
206	534	2.88157
206	536	2.87368
206	537	2.86432
207	158	1.65655
207	286	1.96328
207	296	2.3159
207	396	3.01062
207	400	2.84786
207	425	3.09571
207	434	3.04473
207	438	3.08523
207	464	3.1725
208	32	1.41294
208	347	2.22523
208	361	2.21168
208	388	2.42562
208	408	2.66086
208	428	2.84146
208	437	2.84064
208	466	3.38669
209	17	2.34467
209	107	2.39355
209	138	2.54752
209	144	2.56112
209	151	2.58648
209	188	2.78067
209	195	2.83265
209	268	3.31882
209	287	2.99388
210	509	2.51201
210	511	2.51497
210	522	2.71297
210	530	2.71162
210	531	2.89301
210	533	2.88799
210	534	2.88157
210	536	2.87368
210	537	2.86432
211	6	2.51993
211	30	2.51464
211	55	2.54971
211	76	2.60242
211	82	2.50211
211	128	2.75026
211	130	2.77015
211	199	2.98054
211	252	3.15066
212	44	2.12576
212	71	2.23806
212	177	2.45922
212	179	2.7367
212	233	2.63515
212	261	2.87217
212	269	2.81845
212	305	3.05878
212	366	3.20504
213	73	2.32748
213	86	2.30892
213	134	2.5432
213	143	2.557
213	181	2.75771
213	186	2.77368
213	240	2.75947
213	248	3.28247
213	267	2.96075
214	349	2.24163
214	371	2.42659
214	379	2.49495
214	406	2.62756
214	415	2.59807
214	424	2.85783
214	431	2.80634
214	443	2.95748
214	457	2.95209
215	18	2.47513
215	26	2.49167
215	52	2.58067
215	69	2.48033
215	137	2.75453
215	153	2.74851
215	174	2.73605
215	236	2.94392
215	295	3.12901
216	244	1.62504
216	314	2.22242
216	333	2.19099
216	397	2.69343
216	404	2.75525
216	407	2.79836
216	433	2.92475
216	444	3.07286
216	470	3.43254
217	46	2.25916
217	102	2.28734
217	123	2.63395
217	150	2.55327
217	184	2.76088
217	226	2.82695
217	260	2.99308
217	278	2.9907
217	294	2.98332
218	39	1.98939
218	60	1.9819
218	170	2.1804
218	309	2.79186
218	311	2.94456
218	312	2.79609
218	328	2.91924
218	358	3.1154
218	386	3.22981
219	509	2.51201
219	511	2.51497
219	522	2.71297
219	530	2.71162
219	531	2.89301
219	533	2.88799
219	534	2.88157
219	536	2.87368
219	537	2.86432
220	118	1.77442
220	192	2.56355
220	234	2.13556
220	255	2.35488
220	262	2.30141
220	321	3.22608
220	380	2.90577
220	394	3.31726
220	411	3.31146
221	109	1.89416
221	169	2.49953
221	193	2.5575
221	273	2.80208
221	289	2.51165
221	310	2.67141
221	334	2.68839
221	351	2.89329
221	414	3.21424
222	152	1.40498
222	323	2.10284
222	374	2.5147
222	391	2.54197
222	402	2.87832
222	441	3.05204
222	448	3.11509
222	462	3.10865
222	477	3.46518
223	169	2.7
223	423	2.13596
223	459	2.4467
223	488	2.81766
223	500	3.05365
223	508	3.21951
223	525	3.39954
223	527	3.3929
223	532	3.6975
224	21	1.99534
224	180	2.38759
224	253	2.53189
224	276	2.56584
224	297	2.62735
224	307	2.78092
224	320	2.78118
224	337	3.09918
224	383	3.09586
225	40	2.16695
225	49	2.30985
225	119	2.26122
225	202	2.60822
225	280	2.87974
225	292	2.75232
225	313	3.02739
225	315	2.94683
225	370	3.30289
226	42	2.34123
226	46	2.31207
226	102	2.34025
226	150	2.60618
226	184	2.81379
226	217	2.82695
226	260	3.04599
226	278	3.04362
226	294	3.03623
227	38	2.22114
227	100	2.14761
227	124	2.97477
227	133	2.54922
227	165	2.53418
227	185	3.16547
227	229	2.71236
227	237	2.82429
227	281	3.28657
228	64	2.07959
228	95	2.0219
228	111	2.03547
228	189	2.57111
228	250	2.9732
228	256	2.90085
228	325	2.99446
228	352	3.49321
228	384	3.30622
229	14	2.28286
229	100	2.14656
229	124	2.97372
229	133	2.54818
229	165	2.53313
229	185	3.16442
229	227	2.71236
229	237	2.82324
229	281	3.28552
230	96	2.15893
230	135	2.41093
230	146	2.46257
230	157	2.41843
230	196	2.69585
230	258	2.90357
230	288	2.90769
230	300	2.90686
230	329	3.3864
231	32	1.51378
231	347	2.32607
231	388	2.52645
231	390	2.62223
231	405	2.78112
231	408	2.76169
231	428	2.9423
231	437	2.94148
231	466	3.48752
232	241	2.7
232	377	2.70471
232	379	2.78027
232	406	2.91288
232	415	2.88339
232	424	3.14315
232	431	3.09166
232	443	3.2428
232	457	3.23742
233	44	2.156
233	155	2.45426
233	160	2.63735
233	177	2.48946
233	179	2.76693
233	212	2.63515
233	269	2.84869
233	305	3.08902
233	366	3.23527
234	51	1.73429
234	108	1.76791
234	220	2.13556
234	247	2.65571
234	262	2.43481
234	321	3.35947
234	380	3.03917
234	394	3.45066
234	411	3.44486
235	162	1.58342
235	265	2.06078
235	314	2.34273
235	333	2.3113
235	393	2.8759
235	397	2.81375
235	404	2.87556
235	444	3.19317
235	470	3.55285
236	18	2.43864
236	52	2.54418
236	69	2.44384
236	137	2.71804
236	147	2.74684
236	153	2.71202
236	174	2.69956
236	215	2.94392
236	295	3.09252
237	14	2.39479
237	38	2.33202
237	100	2.25849
237	124	3.08565
237	133	2.66011
237	165	2.64506
237	185	3.27635
237	227	2.82429
237	229	2.82324
238	68	2.29987
238	84	2.13448
238	115	2.15323
238	139	2.48345
238	154	2.42357
238	285	2.81928
238	335	3.03576
238	369	3.48842
238	382	3.34559
239	412	1.88087
239	429	2.0618
239	460	2.2627
239	493	2.87685
239	499	2.78065
239	501	2.95985
239	507	2.96982
239	512	2.96504
239	524	3.28004
240	8	2.31363
240	73	2.33557
240	134	2.55129
240	143	2.56509
240	181	2.7658
240	186	2.78176
240	213	2.75947
240	248	3.29056
240	267	2.96883
241	191	1.83998
241	201	2.03701
241	232	2.7
241	356	2.96708
241	389	3.13586
241	426	3.55053
241	427	3.46929
241	445	3.52869
241	471	3.87498
242	159	2.32989
242	170	2.37798
242	185	2.7
242	309	2.98945
242	311	3.14215
242	312	2.99368
242	324	3.07101
242	364	3.63204
242	386	3.42739
243	194	1.86523
243	279	2.02417
243	349	2.44048
243	373	2.60912
243	377	2.61823
243	406	2.8264
243	424	3.05667
243	443	3.15633
243	457	3.15094
244	216	1.62504
244	314	2.18638
244	393	2.71955
244	397	2.6574
244	404	2.71922
244	407	2.76232
244	433	2.88872
244	444	3.03683
244	470	3.3965
245	539	2.72633
245	540	2.7308
245	542	2.74233
245	543	2.75362
245	545	2.75209
245	546	2.75303
245	547	2.75185
245	548	2.93543
245	550	3.22289
245	551	3.04642
246	319	1.70619
246	422	2.56664
246	436	2.47022
246	449	2.71101
246	453	2.62104
246	483	3.05169
246	487	2.9907
246	491	3.06409
246	510	3.32639
246	513	3.32162
247	51	2.12104
247	108	2.15466
247	118	2.29456
247	161	2.30532
247	234	2.65571
247	255	2.87502
247	262	2.82156
247	380	3.42592
247	394	3.83741
247	411	3.83161
248	8	2.83663
248	86	2.84001
248	134	3.07429
248	143	3.08809
248	181	3.2888
248	186	3.30477
248	213	3.28247
248	240	3.29056
248	267	3.49184
248	426	5.80948
249	12	2.44942
249	88	2.47712
249	140	2.60837
249	171	2.62322
249	182	2.88788
249	200	2.90026
249	271	3.13207
249	277	3.13439
249	291	3.13193
249	298	3.12451
250	36	2.50784
250	48	2.52988
250	95	2.41701
250	98	2.52625
250	111	2.43058
250	168	3.08783
250	189	2.96622
250	228	2.9732
250	325	3.38957
250	384	3.70133
251	398	2.05124
251	429	2.25378
251	435	2.29733
251	460	2.45469
251	493	3.06883
251	499	2.97264
251	501	3.15183
251	507	3.16181
251	512	3.15702
251	524	3.47202
252	6	2.69274
252	30	2.68744
252	55	2.72252
252	76	2.77523
252	82	2.67492
252	94	2.73763
252	128	2.92307
252	130	2.94295
252	199	3.15335
252	211	3.15066
253	21	2.20441
253	180	2.59665
253	205	2.62174
253	224	2.53189
253	276	2.7749
253	297	2.83641
253	307	2.98999
253	320	2.99024
253	337	3.30825
253	383	3.30492
254	282	1.76914
254	410	2.3385
254	485	3.01356
254	503	3.36318
254	514	3.42198
254	517	3.5336
254	520	3.57882
254	526	3.53193
254	535	3.6962
254	549	4.47214
255	51	1.95361
255	108	1.98723
255	161	2.13788
255	192	2.91627
255	220	2.35488
255	247	2.87502
255	321	3.57879
255	380	3.25849
255	394	3.66998
255	411	3.66418
256	48	2.45753
256	64	2.40235
256	95	2.34466
256	98	2.4539
256	111	2.35823
256	189	2.89387
256	228	2.90085
256	325	3.31722
256	352	3.81597
256	384	3.62898
257	40	2.35727
257	101	2.42778
257	119	2.45154
257	121	2.52004
257	202	2.79854
257	280	3.07006
257	292	2.94264
257	313	3.2177
257	315	3.13715
257	370	3.49321
258	62	2.42509
258	96	2.38554
258	135	2.63753
258	146	2.68917
258	157	2.64503
258	196	2.92245
258	230	2.90357
258	288	3.13429
258	300	3.13346
258	329	3.613
259	417	1.80003
259	480	2.39772
259	486	2.6401
259	488	2.60085
259	502	2.85571
259	508	3.0027
259	515	3.18399
259	525	3.18273
259	527	3.1761
259	532	3.4807
260	42	2.50736
260	46	2.4782
260	102	2.50639
260	123	2.85299
260	150	2.77231
260	184	2.97993
260	217	2.99308
260	226	3.04599
260	278	3.20975
260	294	3.20236
261	27	2.48046
261	44	2.39302
261	70	2.42122
261	155	2.69128
261	177	2.72648
261	179	3.00395
261	212	2.87217
261	269	3.08571
261	305	3.32604
261	366	3.47229
262	108	1.93376
262	161	2.08442
262	192	2.8628
262	220	2.30141
262	234	2.43481
262	247	2.82156
262	321	3.52533
262	380	3.20502
262	394	3.61651
262	411	3.61071
263	33	1.62012
263	198	1.90662
263	265	2.27289
263	333	2.52341
263	397	3.02585
263	404	3.08767
263	407	3.13078
263	433	3.25717
263	444	3.40528
263	470	3.76495
264	10	2.47639
264	125	2.77558
264	142	2.68626
264	203	2.95585
264	270	3.0924
264	306	3.30007
264	331	3.28891
264	363	3.77311
264	372	3.89901
264	515	8.94427
265	33	1.5671
265	235	2.06078
265	263	2.27289
265	393	3.03499
265	397	2.97283
265	404	3.03465
265	407	3.07776
265	433	3.20415
265	444	3.35226
265	470	3.71193
266	53	1.93931
266	77	1.9713
266	197	2.3327
266	293	2.73965
266	301	2.63308
266	322	2.95044
266	346	3.10565
266	355	3.09281
266	399	3.69908
266	401	3.69337
267	8	2.5149
267	73	2.53685
267	86	2.51828
267	134	2.75256
267	143	2.76636
267	181	2.96707
267	186	2.98304
267	213	2.96075
267	240	2.96883
267	248	3.49184
268	17	2.82672
268	138	3.02958
268	144	3.04317
268	151	3.06853
268	175	3.1692
268	188	3.26272
268	195	3.3147
268	209	3.31882
268	287	3.47593
268	302	3.16228
269	70	2.36751
269	71	2.4516
269	155	2.63756
269	177	2.67276
269	179	2.95024
269	212	2.81845
269	233	2.84869
269	261	3.08571
269	305	3.27233
269	366	3.41858
270	9	2.36056
270	10	2.26669
270	50	2.18098
270	104	2.32285
270	203	2.74615
270	264	3.0924
270	306	3.09037
270	331	3.07921
270	363	3.56341
270	372	3.68932
271	12	2.45602
271	88	2.48372
271	140	2.61497
271	171	2.62982
271	182	2.89448
271	200	2.90686
271	249	3.13207
271	277	3.14098
271	291	3.13853
271	298	3.13111
272	7	2.1761
272	15	2.32962
272	56	2.27025
272	72	2.12167
272	156	2.43065
272	190	2.7326
272	308	3.23102
272	378	3.63742
272	392	3.63146
272	419	4.0353
273	127	2.53494
273	172	2.40926
273	221	2.80208
273	310	3.13134
273	316	3.17333
273	334	3.14832
273	351	3.35322
273	414	3.67416
273	419	5.23832
273	420	3.93739
274	465	2.35988
274	490	2.50202
274	495	2.76339
274	498	2.67158
274	505	2.84832
274	516	2.99754
274	518	2.99723
274	519	2.99531
274	528	2.99173
274	529	2.98649
275	37	1.45716
275	85	1.59281
275	348	2.66746
275	357	2.4945
275	375	2.80843
275	409	3.34062
275	421	3.25298
275	430	3.45586
275	452	3.43532
275	461	3.61783
276	57	2.2618
276	81	2.22941
276	145	2.8686
276	224	2.56584
276	253	2.7749
276	297	2.87036
276	307	3.02393
276	320	3.02418
276	337	3.34219
276	383	3.33886
277	12	2.45833
277	88	2.48603
277	140	2.61728
277	171	2.63213
277	182	2.89679
277	200	2.90917
277	249	3.13439
277	271	3.14098
277	291	3.14084
277	298	3.13342
278	42	2.50498
278	46	2.47583
278	102	2.50401
278	123	2.85062
278	150	2.76994
278	184	2.97755
278	217	2.9907
278	226	3.04362
278	260	3.20975
278	294	3.19999
279	243	2.02417
279	349	2.47587
279	373	2.64451
279	379	2.72919
279	406	2.8618
279	415	2.83231
279	424	3.09207
279	431	3.04058
279	443	3.19172
279	457	3.18633
280	40	2.41814
280	49	2.56104
280	119	2.51241
280	121	2.58092
280	176	2.70256
280	225	2.87974
280	257	3.07006
280	292	3.00351
280	315	3.19803
280	370	3.55409
281	14	2.85707
281	38	2.7943
281	100	2.72077
281	124	3.54793
281	133	3.12238
281	165	3.10734
281	185	3.73863
281	227	3.28657
281	229	3.28552
281	549	4.47214
282	103	1.12909
282	254	1.76914
282	413	2.2849
282	455	2.81148
282	456	2.80915
282	485	3.00721
282	514	3.41564
282	517	3.52725
282	526	3.52558
282	535	3.68985
283	398	2.09863
283	418	2.04869
283	435	2.34472
283	460	2.50208
283	484	2.87684
283	493	3.11622
283	499	3.02003
283	507	3.2092
283	512	3.20442
283	524	3.51941
284	126	1.09963
284	365	2.03828
284	381	2.31791
284	451	2.95934
284	468	3.19839
284	473	3.06007
284	474	3.14511
284	482	3.26731
284	506	3.43276
284	521	3.90684
285	63	2.36132
285	68	2.49301
285	115	2.34637
285	148	2.55611
285	154	2.61671
285	178	2.79597
285	238	2.81928
285	335	3.2289
285	369	3.68156
285	382	3.53873
286	91	1.47349
286	158	1.95155
286	207	1.96328
286	396	3.30563
286	400	3.14286
286	425	3.39072
286	434	3.33974
286	438	3.38024
286	442	3.32573
286	464	3.46751
287	17	2.50178
287	107	2.55066
287	138	2.70463
287	144	2.71823
287	151	2.74359
287	175	2.84426
287	188	2.93778
287	195	2.98976
287	209	2.99388
287	268	3.47593
288	62	2.42921
288	96	2.38966
288	135	2.64165
288	146	2.69329
288	157	2.64915
288	196	2.92657
288	230	2.90769
288	258	3.13429
288	300	3.13758
288	329	3.61712
289	109	2.06366
289	127	2.24451
289	169	2.66903
289	221	2.51165
289	310	2.84091
289	316	2.8829
289	334	2.85789
289	351	3.06279
289	414	3.38374
289	420	3.64696
290	54	1.62302
290	110	1.6058
290	347	2.66664
290	361	2.65309
290	388	2.86703
290	405	3.12169
290	408	3.10227
290	428	3.28287
290	437	3.28205
290	466	3.8281
291	12	2.45588
291	88	2.48358
291	140	2.61483
291	171	2.62968
291	182	2.89434
291	200	2.90672
291	249	3.13193
291	271	3.13853
291	277	3.14084
291	298	3.13097
292	119	2.38499
292	121	2.45349
292	176	2.57513
292	202	2.73199
292	225	2.75232
292	257	2.94264
292	280	3.00351
292	313	3.15116
292	315	3.0706
292	370	3.42666
293	77	2.08449
293	120	2.24212
293	141	2.04108
293	197	2.44589
293	266	2.73965
293	301	2.74628
293	346	3.21884
293	355	3.206
293	399	3.81227
293	401	3.80656
294	42	2.4976
294	46	2.46844
294	102	2.49662
294	123	2.84323
294	150	2.76255
294	184	2.97016
294	217	2.98332
294	226	3.03623
294	260	3.20236
294	278	3.19999
295	18	2.62373
295	26	2.64027
295	52	2.72927
295	69	2.62892
295	137	2.90312
295	147	2.93193
295	153	2.8971
295	174	2.88464
295	215	3.12901
295	236	3.09252
296	43	1.77576
296	66	1.81003
296	132	1.94409
296	204	2.43601
296	207	2.3159
296	396	3.65825
296	400	3.49548
296	434	3.69236
296	442	3.67835
296	464	3.82013
297	21	2.29986
297	57	2.32332
297	145	2.93012
297	180	2.69211
297	224	2.62735
297	253	2.83641
297	276	2.87036
297	320	3.0857
297	337	3.4037
297	383	3.40038
298	12	2.44846
298	88	2.47615
298	140	2.60741
298	171	2.62226
298	182	2.88692
298	200	2.89929
298	249	3.12451
298	271	3.13111
298	277	3.13342
298	291	3.13097
299	11	2.57651
299	16	2.58814
299	75	2.52765
299	79	2.73355
299	92	2.60025
299	131	2.84217
299	166	2.88995
299	173	2.8914
299	302	3.61113
299	304	3.26316
300	62	2.42838
300	96	2.38882
300	135	2.64082
300	146	2.69246
300	157	2.64832
300	196	2.92574
300	230	2.90686
300	258	3.13346
300	288	3.13758
300	329	3.61629
301	77	1.97793
301	120	2.13556
301	197	2.33933
301	266	2.63308
301	293	2.74628
301	322	2.95707
301	346	3.11227
301	355	3.09943
301	399	3.70571
301	401	3.7
302	11	2.91744
302	16	2.92906
302	75	2.86857
302	92	2.94118
302	131	3.18309
302	166	3.23088
302	173	3.23233
302	268	3.16228
302	299	3.61113
302	304	3.60409
303	342	1.89658
303	422	2.57803
303	436	2.48161
303	440	2.69674
303	449	2.7224
303	453	2.63243
303	483	3.06308
303	491	3.07548
303	510	3.33778
303	513	3.33301
304	11	2.56947
304	16	2.58109
304	75	2.5206
304	79	2.7265
304	92	2.59321
304	131	2.83512
304	166	2.8829
304	173	2.88436
304	299	3.26316
304	302	3.60409
305	27	2.66708
305	44	2.57963
305	70	2.60784
305	71	2.69193
305	155	2.87789
305	160	3.06098
305	212	3.05878
305	233	3.08902
305	261	3.32604
305	269	3.27233
305	366	3.65891
306	9	2.56822
306	10	2.47436
306	50	2.38864
306	78	2.44603
306	142	2.68423
306	203	2.95382
306	264	3.30007
306	270	3.09037
306	331	3.28688
306	363	3.77108
306	372	3.89698
307	21	2.45343
307	81	2.4445
307	145	3.08369
307	180	2.84568
307	205	2.87077
307	224	2.78092
307	253	2.98999
307	276	3.02393
307	320	3.23927
307	337	3.55728
307	383	3.55395
308	56	2.27462
308	72	2.12604
308	113	2.17163
308	156	2.43501
308	190	2.73697
308	272	3.23102
308	327	3.34461
308	336	3.34189
308	378	3.64179
308	392	3.63583
308	419	4.03967
309	39	2.13042
309	170	2.32143
309	218	2.79186
309	242	2.98945
309	311	3.08559
309	312	2.93712
309	324	3.01446
309	328	3.06027
309	358	3.25643
309	364	3.57549
309	386	3.37084
310	109	2.22342
310	172	2.2786
310	193	2.88676
310	221	2.67141
310	273	3.13134
310	289	2.84091
310	316	3.04266
310	334	3.01765
310	351	3.22255
310	414	3.5435
310	420	3.80672
311	39	2.28312
311	60	2.27563
311	159	2.42604
311	218	2.94456
311	242	3.14215
311	309	3.08559
311	312	3.08982
311	324	3.16716
311	328	3.21297
311	358	3.40913
311	386	3.52354
312	159	2.27757
312	170	2.32566
312	218	2.79609
312	242	2.99368
312	309	2.93712
312	311	3.08982
312	324	3.01869
312	328	3.0645
312	358	3.26066
312	364	3.57972
312	386	3.37507
313	40	2.56579
313	101	2.6363
313	119	2.66006
313	121	2.72856
313	176	2.8502
313	202	3.00706
313	225	3.02739
313	257	3.2177
313	292	3.15116
313	315	3.34567
313	370	3.70173
314	162	2.02445
314	216	2.22242
314	235	2.34273
314	244	2.18638
314	333	2.75234
314	393	3.31693
314	397	3.25478
314	404	3.3166
314	433	3.4861
314	444	3.63421
314	470	3.99388
315	49	2.62813
315	119	2.57951
315	121	2.64801
315	176	2.76965
315	202	2.9265
315	225	2.94683
315	257	3.13715
315	280	3.19803
315	292	3.0706
315	313	3.34567
315	370	3.62118
316	109	2.26541
316	127	2.44626
316	169	2.87078
316	172	2.32058
316	273	3.17333
316	289	2.8829
316	310	3.04266
316	334	3.05964
316	351	3.26454
316	414	3.58549
316	420	3.84871
317	339	1.70529
317	410	2.1545
317	455	2.63384
317	485	2.82956
317	492	2.86373
317	503	3.17918
317	514	3.23799
317	517	3.34961
317	520	3.39483
317	526	3.34793
317	535	3.5122
318	32	2.0602
318	54	1.82887
318	67	1.80241
318	361	2.85894
318	388	3.07288
318	390	3.16866
318	405	3.32754
318	408	3.30812
318	428	3.48872
318	437	3.4879
318	466	4.03395
319	246	1.70619
319	354	2.34237
319	436	2.6743
319	449	2.91509
319	453	2.82512
319	476	3.06472
319	483	3.25577
319	487	3.19478
319	491	3.26817
319	510	3.53047
319	513	3.5257
320	57	2.47715
320	81	2.44475
320	180	2.84593
320	205	2.87102
320	224	2.78118
320	253	2.99024
320	276	3.02418
320	297	3.0857
320	307	3.23927
320	337	3.55753
320	383	3.5542
321	118	2.99833
321	161	3.00908
321	220	3.22608
321	234	3.35947
321	255	3.57879
321	262	3.52533
321	380	4.12968
321	394	4.54118
321	411	4.53538
321	550	12.5
321	551	11.7576
322	45	2.45171
322	53	2.2633
322	120	2.45291
322	141	2.25187
322	197	2.65669
322	266	2.95044
322	301	2.95707
322	346	3.42963
322	355	3.41679
322	399	4.02307
322	401	4.01736
323	20	1.75908
323	152	1.88662
323	222	2.10284
323	374	2.99635
323	385	3.04557
323	391	3.02361
323	402	3.35996
323	441	3.53369
323	448	3.59673
323	462	3.59029
323	477	3.94682
324	60	2.20449
324	159	2.35491
324	170	2.403
324	242	3.07101
324	309	3.01446
324	311	3.16716
324	312	3.01869
324	328	3.14184
324	358	3.338
324	364	3.65705
324	386	3.4524
325	36	2.52911
325	48	2.55115
325	95	2.43828
325	98	2.54752
325	111	2.45184
325	168	3.1091
325	228	2.99446
325	250	3.38957
325	256	3.31722
325	352	3.90959
325	384	3.72259
326	398	2.22141
326	412	2.24303
326	429	2.42396
326	435	2.4675
326	484	2.99963
326	493	3.23901
326	499	3.14281
326	501	3.32201
326	507	3.33198
326	512	3.3272
326	524	3.6422
327	7	2.28969
327	56	2.38384
327	72	2.23526
327	113	2.28085
327	156	2.54423
327	190	2.84619
327	308	3.34461
327	336	3.45111
327	378	3.75101
327	392	3.74505
327	419	4.14889
328	39	2.2578
328	60	2.25031
328	159	2.40072
328	218	2.91924
328	309	3.06027
328	311	3.21297
328	312	3.0645
328	324	3.14184
328	358	3.38381
328	364	3.70287
328	386	3.49822
329	62	2.90791
329	96	2.86836
329	129	3.64829
329	135	3.12036
329	146	3.172
329	157	3.12786
329	196	3.40528
329	230	3.3864
329	258	3.613
329	288	3.61712
329	300	3.61629
330	192	3.64829
330	465	2.84477
330	479	2.78171
330	490	2.98691
330	495	3.24828
330	498	3.15647
330	516	3.48243
330	518	3.48212
330	519	3.4802
330	528	3.47663
330	529	3.47138
331	9	2.55707
331	50	2.37749
331	78	2.43488
331	104	2.51936
331	125	2.76239
331	203	2.94266
331	264	3.28891
331	270	3.07921
331	306	3.28688
331	363	3.75992
331	372	3.88583
332	136	1.98088
332	167	1.98088
332	374	3.21969
332	385	3.26891
332	391	3.24696
332	402	3.58331
332	441	3.75703
332	448	3.82008
332	462	3.81364
332	477	4.17017
332	521	9.62341
333	198	2.10412
333	216	2.19099
333	235	2.3113
333	263	2.52341
333	314	2.75234
333	393	3.2855
333	397	3.22335
333	407	3.32828
333	433	3.45467
333	444	3.60278
333	470	3.96245
334	61	2.26209
334	172	2.29557
334	193	2.90374
334	221	2.68839
334	273	3.14832
334	289	2.85789
334	310	3.01765
334	316	3.05964
334	351	3.23953
334	414	3.56047
334	420	3.8237
335	63	2.57781
335	84	2.5441
335	87	2.64349
335	115	2.56285
335	148	2.77259
335	154	2.83319
335	178	3.01246
335	238	3.03576
335	285	3.2289
335	369	3.89804
335	382	3.75521
336	7	2.28697
336	15	2.44049
336	72	2.23254
336	113	2.27813
336	156	2.54152
336	190	2.84347
336	308	3.34189
336	327	3.45111
336	378	3.74829
336	392	3.74233
336	419	4.14617
337	21	2.77169
337	81	2.76276
337	205	3.18903
337	224	3.09918
337	253	3.30825
337	276	3.34219
337	297	3.4037
337	307	3.55728
337	320	3.55753
337	383	3.87221
337	501	8.28191
338	395	2.55162
338	412	2.21461
338	418	2.14306
338	460	2.59645
338	484	2.97121
338	493	3.21059
338	499	3.1144
338	501	3.29359
338	507	3.30357
338	512	3.29878
338	524	3.61378
339	103	1.24923
339	317	1.70529
339	410	2.45229
339	413	2.40504
339	485	3.12735
339	492	3.16152
339	503	3.47697
339	517	3.64739
339	520	3.69262
339	526	3.64572
339	535	3.80999
340	478	2.44859
340	479	2.47235
340	490	2.67756
340	495	2.93892
340	498	2.84711
340	505	3.02386
340	516	3.17307
340	518	3.17276
340	519	3.17084
340	528	3.16727
340	529	3.16202
341	387	1.98817
341	403	2.38428
341	410	2.39189
341	413	2.34464
341	455	2.87122
341	492	3.10111
341	503	3.41657
341	514	3.47537
341	517	3.58699
341	520	3.63221
341	526	3.58531
341	535	3.74959
342	303	1.89658
342	343	2.24678
342	354	2.52136
342	422	2.94971
342	440	3.06843
342	449	3.09408
342	476	3.24372
342	483	3.43477
342	487	3.37378
342	491	3.44716
342	510	3.70947
342	513	3.70469
343	187	1.82936
343	342	2.24678
343	422	2.92824
343	440	3.04695
343	449	3.0726
343	453	2.98264
343	476	3.22224
343	483	3.41329
343	487	3.3523
343	491	3.42569
343	510	3.68799
343	513	3.68322
344	417	2.10407
344	459	2.53393
344	480	2.70175
344	486	2.94413
344	488	2.90489
344	500	3.14088
344	502	3.15974
344	508	3.30673
344	515	3.48803
344	525	3.48677
344	527	3.48013
344	532	3.78473
345	1	1.27503
345	187	1.91987
345	436	2.92233
345	440	3.13747
345	449	3.16312
345	453	3.07316
345	476	3.31276
345	483	3.50381
345	487	3.44282
345	491	3.5162
345	510	3.77851
345	513	3.77373
346	53	2.4185
346	77	2.45049
346	120	2.60812
346	141	2.40707
346	197	2.81189
346	266	3.10565
346	293	3.21884
346	301	3.11227
346	322	3.42963
346	355	3.572
346	399	4.17827
346	401	4.17256
347	32	2.17032
347	208	2.22523
347	231	2.32607
347	290	2.66664
347	361	2.96906
347	388	3.183
347	390	3.27877
347	405	3.43766
347	408	3.41824
347	428	3.59884
347	437	3.59802
347	466	4.14407
348	19	1.82397
348	37	1.89426
348	85	2.02992
348	275	2.66746
348	357	2.9316
348	362	3.23303
348	375	3.24553
348	421	3.69008
348	430	3.89296
348	432	3.74367
348	452	3.87242
348	461	4.05493
349	214	2.24163
349	243	2.44048
349	279	2.47587
349	371	3.07714
349	373	3.06082
349	377	3.06993
349	379	3.1455
349	415	3.24861
349	424	3.50838
349	431	3.45689
349	443	3.60803
349	457	3.60264
350	359	2.13895
350	454	2.50228
350	465	2.80535
350	478	2.71853
350	495	3.20885
350	498	3.11704
350	505	3.29379
350	516	3.443
350	518	3.44269
350	519	3.44077
350	528	3.4372
350	529	3.43196
351	61	2.46699
351	127	2.62615
351	169	3.05067
351	172	2.50048
351	221	2.89329
351	273	3.35322
351	289	3.06279
351	310	3.22255
351	316	3.26454
351	334	3.23953
351	414	3.76538
351	420	4.0286
352	36	3.02786
352	48	3.0499
352	64	2.99472
352	95	2.93703
352	111	2.95059
352	168	3.60785
352	189	3.48624
352	228	3.49321
352	256	3.81597
352	325	3.90959
352	384	4.22134
352	409	5.23832
353	41	1.54859
353	97	1.35189
353	126	1.7134
353	365	2.65204
353	381	2.93167
353	451	3.57311
353	469	3.74483
353	473	3.67383
353	474	3.75888
353	482	3.88107
353	506	4.04652
353	521	4.5206
354	23	1.54282
354	187	2.10394
354	319	2.34237
354	342	2.52136
354	422	3.20282
354	440	3.32153
354	453	3.25722
354	476	3.49682
354	483	3.68787
354	487	3.62688
354	510	3.96257
354	513	3.9578
355	45	2.59407
355	53	2.40566
355	120	2.59528
355	141	2.39423
355	197	2.79905
355	266	3.09281
355	293	3.206
355	301	3.09943
355	322	3.41679
355	346	3.572
355	399	4.16543
355	401	4.15972
356	24	2.03814
356	89	2.06537
356	191	2.53587
356	201	2.7329
356	241	2.96708
356	389	3.83175
356	394	5.23832
356	426	4.24642
356	427	4.16518
356	445	4.22457
356	447	4.46813
356	471	4.57087
357	34	1.73489
357	85	1.85695
357	275	2.4945
357	348	2.9316
357	362	3.06006
357	375	3.07257
357	409	3.60476
357	421	3.51711
357	430	3.71999
357	432	3.5707
357	452	3.69945
357	461	3.88197
358	39	2.45396
358	60	2.44647
358	159	2.59688
358	170	2.64497
358	218	3.1154
358	309	3.25643
358	311	3.40913
358	312	3.26066
358	324	3.338
358	328	3.38381
358	364	3.89902
358	386	3.69437
359	2	1.3201
359	350	2.13895
359	450	2.7383
359	458	2.75538
359	465	3.06492
359	478	2.9781
359	505	3.55336
359	516	3.70258
359	518	3.70227
359	519	3.70035
359	528	3.69678
359	529	3.69153
360	539	3.06203
360	540	3.0665
360	541	2.79879
360	542	3.07804
360	543	3.08933
360	544	2.4914
360	545	3.08779
360	546	3.08873
360	547	3.08755
360	548	3.27114
360	550	3.55859
360	551	3.38212
361	67	1.89898
361	208	2.21168
361	290	2.65309
361	318	2.85894
361	347	2.96906
361	388	3.16944
361	390	3.26522
361	405	3.42411
361	408	3.40468
361	428	3.58529
361	437	3.58447
361	466	4.13052
362	34	2.03632
362	65	1.84298
362	348	3.23303
362	357	3.06006
362	375	3.37399
362	409	3.90618
362	421	3.81854
362	430	4.02142
362	432	3.87213
362	452	4.00088
362	461	4.1834
362	477	7.00928
363	9	3.04127
363	50	2.86169
363	78	2.91908
363	104	3.00356
363	125	3.24659
363	142	3.15727
363	264	3.77311
363	270	3.56341
363	306	3.77108
363	331	3.75992
363	372	4.37003
363	505	8.28191
364	39	2.77301
364	60	2.76552
364	159	2.91593
364	170	2.96402
364	242	3.63204
364	309	3.57549
364	312	3.57972
364	324	3.65705
364	328	3.70287
364	358	3.89902
364	386	4.01343
364	532	10.3189
365	149	1.54387
365	164	1.49051
365	284	2.03828
365	353	2.65204
365	381	2.87775
365	468	3.75823
365	469	3.69091
365	473	3.61991
365	474	3.70495
365	482	3.82715
365	506	3.99259
365	521	4.46668
366	27	2.81333
366	44	2.72589
366	70	2.75409
366	71	2.83818
366	155	3.02415
366	160	3.20723
366	177	3.05934
366	212	3.20504
366	233	3.23527
366	261	3.47229
366	269	3.41858
366	305	3.65891
367	539	3.06203
367	540	3.0665
367	541	2.79879
367	542	3.07804
367	543	3.08933
367	544	2.4914
367	545	3.08779
367	546	3.08873
367	547	3.08755
367	548	3.27114
367	550	3.55859
367	551	3.38212
368	450	2.49095
368	454	2.5145
368	458	2.50803
368	479	2.75451
368	490	2.95971
368	495	3.22108
368	498	3.12927
368	516	3.45523
368	518	3.45492
368	519	3.453
368	528	3.44942
368	529	3.44418
369	63	3.03047
369	84	2.99676
369	87	3.09615
369	115	3.01551
369	139	3.34573
369	148	3.22525
369	178	3.46512
369	238	3.48842
369	285	3.68156
369	335	3.89804
369	382	4.20787
369	524	9.62341
370	40	2.84129
370	49	2.98419
370	101	2.91181
370	119	2.93557
370	121	3.00407
370	176	3.12571
370	202	3.28256
370	225	3.30289
370	257	3.49321
370	280	3.55409
370	292	3.42666
370	313	3.70173
370	315	3.62118
371	59	2.0701
371	194	2.5019
371	214	2.42659
371	349	3.07714
371	373	3.24578
371	377	3.25489
371	379	3.33046
371	406	3.46306
371	415	3.43357
371	424	3.69333
371	431	3.64184
371	443	3.79299
371	457	3.7876
372	10	3.07331
372	50	2.98759
372	78	3.04498
372	104	3.12946
372	125	3.37249
372	142	3.28318
372	203	3.55277
372	264	3.89901
372	270	3.68932
372	306	3.89698
372	331	3.88583
372	363	4.37003
372	461	6.4
373	59	2.05379
373	243	2.60912
373	279	2.64451
373	349	3.06082
373	371	3.24578
373	377	3.23857
373	379	3.31414
373	406	3.44675
373	415	3.41726
373	424	3.67702
373	431	3.62553
373	443	3.77667
373	457	3.77128
374	20	2.17094
374	117	2.15618
374	152	2.29848
374	222	2.5147
374	323	2.99635
374	332	3.21969
374	385	3.45743
374	391	3.43547
374	402	3.77182
374	441	3.94555
374	448	4.00859
374	462	4.00215
374	477	4.35868
375	13	1.86376
375	19	1.96494
375	34	2.04882
375	275	2.80843
375	348	3.24553
375	357	3.07257
375	362	3.37399
375	409	3.91869
375	421	3.83105
375	430	4.03393
375	432	3.88463
375	452	4.01339
375	461	4.1959
376	416	2.16235
376	423	2.4222
376	459	2.73294
376	480	2.90076
376	486	3.14314
376	488	3.10389
376	500	3.33988
376	502	3.35875
376	508	3.50574
376	515	3.68703
376	525	3.68578
376	527	3.67914
376	532	3.98374
377	59	2.0629
377	232	2.70471
377	243	2.61823
377	349	3.06993
377	371	3.25489
377	373	3.23857
377	379	3.32325
377	406	3.45586
377	415	3.42637
377	424	3.68613
377	431	3.63464
377	443	3.78578
377	457	3.78039
378	7	2.58687
378	15	2.74039
378	56	2.68102
378	72	2.53244
378	113	2.57803
378	156	2.84141
378	190	3.14337
378	272	3.63742
378	308	3.64179
378	327	3.75101
378	336	3.74829
378	392	4.04223
378	419	4.44607
379	194	2.57026
379	214	2.49495
379	232	2.78027
379	279	2.72919
379	349	3.1455
379	371	3.33046
379	373	3.31414
379	377	3.32325
379	406	3.53142
379	415	3.50193
379	431	3.7102
379	443	3.86135
379	457	3.85596
380	51	2.5045
380	108	2.53812
380	118	2.67802
380	161	2.68878
380	192	3.46716
380	220	2.90577
380	234	3.03917
380	247	3.42592
380	255	3.25849
380	262	3.20502
380	321	4.12968
380	394	4.22087
380	411	4.21507
381	112	1.54656
381	149	1.8235
381	183	2.13399
381	284	2.31791
381	353	2.93167
381	365	2.87775
381	451	3.79881
381	468	4.03785
381	469	3.97054
381	473	3.89953
381	482	4.10678
381	506	4.27222
381	521	4.7463
382	63	2.88764
382	68	3.01933
382	84	2.85393
382	87	2.95332
382	115	2.87268
382	139	3.20291
382	148	3.08242
382	154	3.14302
382	178	3.32229
382	238	3.34559
382	285	3.53873
382	335	3.75521
382	369	4.20787
383	21	2.76837
383	57	2.79183
383	81	2.75944
383	145	3.39863
383	180	3.16061
383	205	3.1857
383	224	3.09586
383	253	3.30492
383	276	3.33886
383	297	3.40038
383	307	3.55395
383	320	3.5542
383	337	3.87221
384	36	2.84087
384	48	2.8629
384	64	2.80772
384	95	2.75003
384	98	2.85927
384	111	2.7636
384	168	3.42085
384	189	3.29924
384	228	3.30622
384	250	3.70133
384	256	3.62898
384	325	3.72259
384	352	4.22134
385	105	2.20083
385	117	2.2054
385	136	2.21862
385	167	2.21862
385	323	3.04557
385	332	3.26891
385	374	3.45743
385	391	3.48469
385	402	3.82105
385	441	3.99477
385	448	4.05781
385	462	4.05137
385	477	4.4079
386	39	2.56836
386	60	2.56087
386	159	2.71128
386	170	2.75937
386	218	3.22981
386	242	3.42739
386	309	3.37084
386	311	3.52354
386	312	3.37507
386	324	3.4524
386	328	3.49822
386	358	3.69437
386	364	4.01343
387	341	1.98817
387	410	2.49778
387	413	2.45054
387	455	2.97712
387	456	2.97479
387	485	3.17285
387	492	3.20701
387	503	3.52246
387	514	3.58127
387	517	3.69289
387	520	3.73811
387	526	3.69121
387	535	3.85549
388	110	2.12215
388	208	2.42562
388	231	2.52645
388	290	2.86703
388	318	3.07288
388	347	3.183
388	361	3.16944
388	390	3.47916
388	405	3.63804
388	408	3.61862
388	428	3.79922
388	437	3.7984
388	466	4.34445
389	47	2.43226
389	58	2.21418
389	89	2.23416
389	90	2.21931
389	122	2.73278
389	129	2.86409
389	191	2.70465
389	241	3.13586
389	356	3.83175
389	426	4.4152
389	445	4.39336
389	447	4.63691
389	471	4.73965
390	54	2.23515
390	67	2.20869
390	110	2.21793
390	231	2.62223
390	318	3.16866
390	347	3.27877
390	361	3.26522
390	388	3.47916
390	405	3.73382
390	408	3.7144
390	428	3.895
390	437	3.89418
390	466	4.44023
391	117	2.18344
391	136	2.19666
391	167	2.19666
391	222	2.54197
391	323	3.02361
391	332	3.24696
391	374	3.43547
391	385	3.48469
391	402	3.79909
391	441	3.97281
391	448	4.03586
391	462	4.02942
391	477	4.38595
392	7	2.58091
392	15	2.73443
392	56	2.67506
392	72	2.52648
392	113	2.57207
392	156	2.83546
392	190	3.13741
392	272	3.63146
392	308	3.63583
392	327	3.74505
392	336	3.74233
392	378	4.04223
392	419	4.44011
393	33	2.38222
393	162	2.55762
393	198	2.66872
393	235	2.8759
393	244	2.71955
393	265	3.03499
393	314	3.31693
393	333	3.2855
393	397	3.78795
393	404	3.84977
393	407	3.89287
393	433	4.01927
393	444	4.16737
393	470	4.52705
394	51	2.916
394	108	2.94961
394	118	3.08952
394	161	3.10027
394	192	3.87865
394	220	3.31726
394	234	3.45066
394	247	3.83741
394	255	3.66998
394	262	3.61651
394	321	4.54118
394	356	5.23832
394	380	4.22087
394	411	4.62656
395	3	1.75228
395	29	1.77491
395	145	5.23832
395	338	2.55162
395	412	3.2837
395	435	3.50818
395	460	3.66554
395	484	4.0403
395	493	4.27968
395	499	4.18349
395	501	4.36268
395	507	4.37266
395	512	4.36787
395	524	4.68287
396	43	2.47049
396	132	2.63882
396	158	2.9989
396	204	3.13073
396	207	3.01062
396	286	3.30563
396	296	3.65825
396	400	4.19021
396	425	4.43806
396	434	4.38708
396	438	4.42759
396	442	4.37307
396	464	4.51486
396	503	8.28191
397	198	2.60657
397	216	2.69343
397	235	2.81375
397	244	2.6574
397	263	3.02585
397	265	2.97283
397	314	3.25478
397	333	3.22335
397	393	3.78795
397	404	3.78761
397	407	3.83072
397	433	3.95711
397	444	4.10522
397	470	4.4649
398	251	2.05124
398	283	2.09863
398	326	2.22141
398	418	2.85352
398	429	3.10601
398	435	3.14955
398	460	3.30691
398	484	3.68168
398	493	3.92106
398	499	3.82486
398	501	4.00406
398	507	4.01403
398	512	4.00925
398	524	4.32424
399	45	3.20034
399	53	3.01194
399	77	3.04392
399	120	3.20155
399	141	3.00051
399	197	3.40532
399	266	3.69908
399	293	3.81227
399	301	3.70571
399	322	4.02307
399	346	4.17827
399	355	4.16543
399	401	4.76599
399	470	7.00928
400	4	2.43915
400	66	2.34198
400	91	2.35806
400	132	2.47605
400	204	2.96796
400	207	2.84786
400	286	3.14286
400	296	3.49548
400	396	4.19021
400	425	4.27529
400	434	4.22431
400	438	4.26482
400	442	4.2103
400	464	4.35209
401	45	3.19463
401	53	3.00623
401	77	3.03821
401	120	3.19584
401	141	2.9948
401	197	3.39961
401	266	3.69337
401	293	3.80656
401	301	3.7
401	322	4.01736
401	346	4.17256
401	355	4.15972
401	399	4.76599
401	541	9.62341
402	105	2.51523
402	117	2.51979
402	136	2.53302
402	152	2.6621
402	167	2.53302
402	222	2.87832
402	323	3.35996
402	332	3.58331
402	374	3.77182
402	385	3.82105
402	391	3.79909
402	448	4.37221
402	462	4.36577
402	477	4.7223
403	35	1.47661
403	93	1.43737
403	341	2.38428
403	413	2.84666
403	455	3.37323
403	456	3.3709
403	485	3.56896
403	492	3.60313
403	503	3.91858
403	514	3.97739
403	517	4.08901
403	520	4.13423
403	526	4.08733
403	535	4.2516
404	162	2.55729
404	198	2.66839
404	216	2.75525
404	235	2.87556
404	244	2.71922
404	263	3.08767
404	265	3.03465
404	314	3.3166
404	393	3.84977
404	397	3.78761
404	407	3.89254
404	433	4.01893
404	444	4.16704
404	470	4.52671
405	54	2.39404
405	67	2.36757
405	110	2.37681
405	231	2.78112
405	290	3.12169
405	318	3.32754
405	347	3.43766
405	361	3.42411
405	388	3.63804
405	390	3.73382
405	408	3.87328
405	428	4.05389
405	437	4.05307
405	466	4.59911
406	194	2.70286
406	214	2.62756
406	232	2.91288
406	243	2.8264
406	279	2.8618
406	371	3.46306
406	373	3.44675
406	377	3.45586
406	379	3.53142
406	415	3.63454
406	424	3.8943
406	431	3.84281
406	443	3.99396
406	457	3.98857
407	33	2.42499
407	162	2.60039
407	198	2.71149
407	216	2.79836
407	244	2.76232
407	263	3.13078
407	265	3.07776
407	333	3.32828
407	393	3.89287
407	397	3.83072
407	404	3.89254
407	433	4.06204
407	444	4.21015
407	470	4.56982
408	67	2.34815
408	110	2.35739
408	208	2.66086
408	231	2.76169
408	290	3.10227
408	318	3.30812
408	347	3.41824
408	361	3.40468
408	388	3.61862
408	390	3.7144
408	405	3.87328
408	428	4.03446
408	437	4.03364
408	466	4.57969
409	13	2.39595
409	34	2.58101
409	37	2.56742
409	65	2.38768
409	275	3.34062
409	352	5.23832
409	357	3.60476
409	362	3.90618
409	375	3.91869
409	421	4.36324
409	430	4.56612
409	432	4.41682
409	452	4.54558
409	461	4.72809
410	254	2.3385
410	317	2.1545
410	339	2.45229
410	341	2.39189
410	387	2.49778
410	455	3.38083
410	485	3.57656
410	492	3.61073
410	503	3.92618
410	514	3.98499
410	517	4.09661
410	520	4.14183
410	526	4.09493
410	535	4.2592
411	51	2.9102
411	108	2.94381
411	118	3.08372
411	161	3.09447
411	192	3.87285
411	220	3.31146
411	234	3.44486
411	247	3.83161
411	255	3.66418
411	262	3.61071
411	321	4.53538
411	380	4.21507
411	394	4.62656
411	538	8.28191
412	239	1.88087
412	326	2.24303
412	338	2.21461
412	395	3.2837
412	418	2.87514
412	429	3.12762
412	435	3.17117
412	484	3.70329
412	493	3.94267
412	499	3.84648
412	501	4.02567
412	507	4.03565
412	512	4.03086
412	524	4.34586
413	282	2.2849
413	339	2.40504
413	341	2.34464
413	387	2.45054
413	403	2.84666
413	456	3.33126
413	485	3.52932
413	492	3.56349
413	503	3.87894
413	514	3.93775
413	517	4.04936
413	520	4.09459
413	526	4.04769
413	535	4.21196
414	61	2.78794
414	109	2.76625
414	127	2.9471
414	169	3.37161
414	172	2.82142
414	193	3.42959
414	221	3.21424
414	273	3.67416
414	289	3.38374
414	310	3.5435
414	316	3.58549
414	334	3.56047
414	351	3.76538
414	420	4.34955
415	194	2.67337
415	214	2.59807
415	232	2.88339
415	279	2.83231
415	349	3.24861
415	371	3.43357
415	373	3.41726
415	377	3.42637
415	379	3.50193
415	406	3.63454
415	424	3.86481
415	431	3.81332
415	443	3.96446
415	457	3.95908
416	376	2.16235
416	417	2.50026
416	423	2.61939
416	459	2.93013
416	480	3.09795
416	486	3.34033
416	488	3.30108
416	500	3.53707
416	502	3.55594
416	508	3.70293
416	515	3.88422
416	525	3.88297
416	527	3.87633
416	532	4.18093
417	259	1.80003
417	344	2.10407
417	416	2.50026
417	423	2.76011
417	480	3.23867
417	486	3.48105
417	488	3.44181
417	500	3.6778
417	502	3.69666
417	508	3.84365
417	515	4.02495
417	525	4.02369
417	527	4.01705
417	532	4.32165
418	283	2.04869
418	338	2.14306
418	398	2.85352
418	412	2.87514
418	429	3.05607
418	435	3.09961
418	460	3.25697
418	484	3.63174
418	493	3.87112
418	499	3.77492
418	501	3.95412
418	507	3.96409
418	512	3.95931
418	524	4.27431
419	7	2.98475
419	15	3.13827
419	56	3.0789
419	72	2.93032
419	113	2.97591
419	156	3.23929
419	190	3.54125
419	272	4.0353
419	273	5.23832
419	308	4.03967
419	327	4.14889
419	336	4.14617
419	378	4.44607
419	392	4.44011
420	61	3.05116
420	109	3.02947
420	127	3.21032
420	168	5.23832
420	169	3.63484
420	172	3.08465
420	193	3.69281
420	273	3.93739
420	289	3.64696
420	310	3.80672
420	316	3.84871
420	334	3.8237
420	351	4.0286
420	414	4.34955
421	13	2.3083
421	19	2.40949
421	34	2.49337
421	65	2.30004
421	85	2.61543
421	275	3.25298
421	348	3.69008
421	357	3.51711
421	362	3.81854
421	375	3.83105
421	409	4.36324
421	430	4.47847
421	432	4.32918
421	452	4.45793
421	461	4.64045
422	1	1.88745
422	246	2.56664
422	303	2.57803
422	342	2.94971
422	343	2.92824
422	354	3.20282
422	436	3.53475
422	440	3.74988
422	449	3.77553
422	453	3.68557
422	476	3.92517
422	487	4.05523
422	491	4.12862
422	510	4.39092
422	513	4.38615
423	223	2.13596
423	376	2.4222
423	416	2.61939
423	417	2.76011
423	459	3.18997
423	480	3.35779
423	486	3.60018
423	488	3.56093
423	500	3.79692
423	502	3.81579
423	508	3.96278
423	515	4.14407
423	525	4.14281
423	527	4.13618
423	532	4.44078
424	59	2.50134
424	194	2.93313
424	214	2.85783
424	232	3.14315
424	243	3.05667
424	279	3.09207
424	349	3.50838
424	371	3.69333
424	373	3.67702
424	377	3.68613
424	406	3.8943
424	415	3.86481
424	431	4.07308
424	443	4.22423
424	457	4.21884
425	4	2.687
425	43	2.55557
425	66	2.58983
425	91	2.60591
425	132	2.7239
425	158	3.08398
425	204	3.21581
425	207	3.09571
425	286	3.39072
425	396	4.43806
425	400	4.27529
425	434	4.47217
425	438	4.51267
425	442	4.45816
425	464	4.59994
426	24	2.62159
426	58	2.62885
426	90	2.63398
426	122	3.14745
426	129	3.27876
426	191	3.11932
426	201	3.31635
426	241	3.55053
426	248	5.80948
426	356	4.24642
426	389	4.4152
426	427	4.74863
426	445	4.80803
426	447	5.05158
426	471	5.15432
427	24	2.54035
427	47	2.76569
427	58	2.54761
427	89	2.56759
427	90	2.55274
427	122	3.06621
427	129	3.19752
427	191	3.03808
427	201	3.23511
427	241	3.46929
427	356	4.16518
427	426	4.74863
427	445	4.72679
427	447	4.97034
427	471	5.07308
428	32	2.78655
428	54	2.55522
428	110	2.538
428	208	2.84146
428	231	2.9423
428	290	3.28287
428	318	3.48872
428	347	3.59884
428	361	3.58529
428	388	3.79922
428	390	3.895
428	405	4.05389
428	408	4.03446
428	437	4.21425
428	466	4.76029
429	239	2.0618
429	251	2.25378
429	326	2.42396
429	398	3.10601
429	412	3.12762
429	418	3.05607
429	435	3.3521
429	460	3.50946
429	484	3.88422
429	493	4.1236
429	499	4.02741
429	501	4.2066
429	507	4.21658
429	512	4.2118
429	524	4.52679
430	13	2.51118
430	19	2.61237
430	37	2.68265
430	65	2.50292
430	204	5.80948
430	275	3.45586
430	348	3.89296
430	357	3.71999
430	362	4.02142
430	375	4.03393
430	409	4.56612
430	421	4.47847
430	432	4.53206
430	452	4.66081
430	461	4.84333
431	59	2.44985
431	194	2.88164
431	214	2.80634
431	232	3.09166
431	279	3.04058
431	349	3.45689
431	371	3.64184
431	373	3.62553
431	377	3.63464
431	379	3.7102
431	406	3.84281
431	415	3.81332
431	424	4.07308
431	443	4.17274
431	457	4.16735
432	13	2.36189
432	19	2.46307
432	34	2.54696
432	37	2.53336
432	65	2.35362
432	85	2.66902
432	348	3.74367
432	357	3.5707
432	362	3.87213
432	375	3.88463
432	409	4.41682
432	421	4.32918
432	430	4.53206
432	452	4.51152
432	461	4.69403
433	33	2.55138
433	162	2.72679
433	198	2.83789
433	216	2.92475
433	244	2.88872
433	263	3.25717
433	265	3.20415
433	314	3.4861
433	333	3.45467
433	393	4.01927
433	397	3.95711
433	404	4.01893
433	407	4.06204
433	444	4.33654
433	470	4.69622
434	4	2.63602
434	43	2.50459
434	66	2.53886
434	91	2.55494
434	132	2.67292
434	204	3.16484
434	207	3.04473
434	286	3.33974
434	296	3.69236
434	396	4.38708
434	400	4.22431
434	425	4.47217
434	438	4.46169
434	442	4.40718
434	464	4.54896
435	251	2.29733
435	283	2.34472
435	326	2.4675
435	395	3.50818
435	398	3.14955
435	412	3.17117
435	418	3.09961
435	429	3.3521
435	460	3.553
435	484	3.92777
435	499	4.07095
435	501	4.25015
435	507	4.26012
435	512	4.25534
435	524	4.57033
436	187	2.43586
436	246	2.47022
436	303	2.48161
436	319	2.6743
436	345	2.92233
436	422	3.53475
436	440	3.65346
436	449	3.67911
436	453	3.58915
436	476	3.82875
436	483	4.0198
436	487	3.95881
436	491	4.03219
436	510	4.2945
436	513	4.28972
437	32	2.78573
437	54	2.5544
437	67	2.52794
437	208	2.84064
437	231	2.94148
437	290	3.28205
437	318	3.4879
437	347	3.59802
437	361	3.58447
437	388	3.7984
437	390	3.89418
437	405	4.05307
437	408	4.03364
437	428	4.21425
437	466	4.75948
438	4	2.67653
438	43	2.5451
438	66	2.57936
438	91	2.59544
438	132	2.71342
438	158	3.07351
438	204	3.20534
438	207	3.08523
438	286	3.38024
438	396	4.42759
438	400	4.26482
438	425	4.51267
438	434	4.46169
438	442	4.44768
438	464	4.58947
439	440	5.80948
439	467	2.92186
439	472	2.92942
439	481	2.95846
439	497	2.97574
439	504	2.99396
439	509	3.87853
439	511	3.88149
439	522	4.07949
439	530	4.07815
439	531	4.25953
439	533	4.25452
439	534	4.24809
439	536	4.2402
439	537	4.23084
440	303	2.69674
440	342	3.06843
440	343	3.04695
440	345	3.13747
440	354	3.32153
440	422	3.74988
440	436	3.65346
440	439	5.80948
440	453	3.80428
440	476	4.04388
440	483	4.23493
440	487	4.17394
440	491	4.24733
440	510	4.50963
440	513	4.50486
441	20	2.70828
441	105	2.68895
441	117	2.69352
441	136	2.70674
441	152	2.83582
441	167	2.70674
441	222	3.05204
441	323	3.53369
441	332	3.75703
441	374	3.94555
441	385	3.99477
441	391	3.97281
441	448	4.54593
441	462	4.53949
441	477	4.89602
442	4	2.62201
442	43	2.49058
442	66	2.52485
442	91	2.54093
442	132	2.65891
442	158	3.01899
442	204	3.15083
442	286	3.32573
442	296	3.67835
442	396	4.37307
442	400	4.2103
442	425	4.45816
442	434	4.40718
442	438	4.44768
442	464	4.53495
443	59	2.60099
443	194	3.03279
443	214	2.95748
443	232	3.2428
443	243	3.15633
443	279	3.19172
443	349	3.60803
443	371	3.79299
443	373	3.77667
443	377	3.78578
443	379	3.86135
443	406	3.99396
443	415	3.96446
443	424	4.22423
443	431	4.17274
443	457	4.31849
444	33	2.69949
444	162	2.8749
444	198	2.98599
444	216	3.07286
444	235	3.19317
444	244	3.03683
444	263	3.40528
444	265	3.35226
444	314	3.63421
444	333	3.60278
444	393	4.16737
444	397	4.10522
444	404	4.16704
444	407	4.21015
444	433	4.33654
444	470	4.84432
445	24	2.59974
445	47	2.82508
445	58	2.607
445	89	2.62698
445	90	2.61214
445	122	3.1256
445	129	3.25691
445	191	3.09747
445	201	3.2945
445	241	3.52869
445	356	4.22457
445	389	4.39336
445	426	4.80803
445	427	4.72679
445	447	5.02973
445	471	5.13248
446	494	2.68208
446	523	2.6988
446	538	3.05348
446	539	3.71826
446	540	3.72273
446	541	3.45502
446	542	3.73427
446	543	3.74556
446	544	3.14763
446	545	3.74403
446	546	3.74496
446	547	3.74378
446	548	3.92737
446	549	3.44086
446	550	4.21482
446	551	4.03835
447	24	2.8433
447	47	3.06863
447	58	2.85056
447	89	2.87053
447	90	2.85569
447	122	3.36915
447	129	3.50046
447	191	3.34103
447	201	3.53806
447	356	4.46813
447	389	4.63691
447	426	5.05158
447	427	4.97034
447	445	5.02973
447	455	6.4
447	471	5.37603
448	20	2.77133
448	105	2.75199
448	117	2.75656
448	136	2.76978
448	152	2.89886
448	167	2.76978
448	222	3.11509
448	323	3.59673
448	332	3.82008
448	374	4.00859
448	385	4.05781
448	391	4.03586
448	402	4.37221
448	441	4.54593
448	462	4.60254
448	477	4.95906
449	187	2.67665
449	246	2.71101
449	303	2.7224
449	319	2.91509
449	342	3.09408
449	343	3.0726
449	345	3.16312
449	422	3.77553
449	436	3.67911
449	453	3.82994
449	476	4.06954
449	483	4.26059
449	487	4.1996
449	491	4.27298
449	510	4.53529
449	513	4.53051
450	359	2.7383
450	368	2.49095
450	454	3.10164
450	458	3.09516
450	465	3.4047
450	478	3.31788
450	479	3.34164
450	490	3.54685
450	495	3.80821
450	498	3.7164
450	505	3.89315
450	516	4.04236
450	518	4.04205
450	519	4.04013
450	528	4.03656
450	529	4.03131
451	99	2.1009
451	106	2.09386
451	112	2.188
451	126	2.58054
451	164	2.41158
451	183	2.77543
451	284	2.95934
451	353	3.57311
451	381	3.79881
451	468	4.67929
451	469	4.61198
451	473	4.54097
451	474	4.62602
451	482	4.74821
451	506	4.91366
451	521	5.38774
452	13	2.49064
452	19	2.59183
452	34	2.67571
452	37	2.66211
452	65	2.48237
452	85	2.79777
452	275	3.43532
452	348	3.87242
452	357	3.69945
452	362	4.00088
452	375	4.01339
452	409	4.54558
452	421	4.45793
452	430	4.66081
452	432	4.51152
452	461	4.82279
453	246	2.62104
453	303	2.63243
453	319	2.82512
453	343	2.98264
453	345	3.07316
453	354	3.25722
453	422	3.68557
453	436	3.58915
453	440	3.80428
453	449	3.82994
453	476	3.97957
453	483	4.17062
453	487	4.10964
453	491	4.18302
453	510	4.44532
453	513	4.44055
454	350	2.50228
454	368	2.5145
454	450	3.10164
454	458	3.11872
454	465	3.42826
454	478	3.34144
454	479	3.36519
454	490	3.5704
454	495	3.83177
454	498	3.73996
454	505	3.9167
454	516	4.06592
454	518	4.06561
454	519	4.06368
454	528	4.06011
454	529	4.05487
455	282	2.81148
455	317	2.63384
455	341	2.87122
455	387	2.97712
455	403	3.37323
455	410	3.38083
455	447	6.4
455	456	3.85784
455	485	4.0559
455	492	4.09006
455	503	4.40552
455	514	4.46432
455	517	4.57594
455	520	4.62116
455	526	4.57426
455	535	4.73854
456	35	1.96121
456	74	1.84221
456	93	1.92198
456	282	2.80915
456	387	2.97479
456	403	3.3709
456	413	3.33126
456	455	3.85784
456	485	4.05357
456	492	4.08773
456	503	4.40319
456	514	4.46199
456	517	4.57361
456	520	4.61883
456	526	4.57193
456	535	4.73621
457	59	2.59561
457	194	3.0274
457	214	2.95209
457	232	3.23742
457	243	3.15094
457	279	3.18633
457	349	3.60264
457	371	3.7876
457	373	3.77128
457	377	3.78039
457	379	3.85596
457	406	3.98857
457	415	3.95908
457	424	4.21884
457	431	4.16735
457	443	4.31849
458	359	2.75538
458	368	2.50803
458	450	3.09516
458	454	3.11872
458	465	3.42178
458	478	3.33496
458	479	3.35872
458	490	3.56392
458	495	3.82529
458	498	3.73348
458	505	3.91022
458	516	4.05944
458	518	4.05913
458	519	4.05721
458	528	4.05363
458	529	4.04839
459	80	1.68373
459	223	2.4467
459	344	2.53393
459	376	2.73294
459	416	2.93013
459	423	3.18997
459	480	3.66853
459	486	3.91091
459	488	3.87167
459	500	4.10766
459	502	4.12652
459	508	4.27352
459	515	4.45481
459	525	4.45355
459	527	4.44692
459	532	4.75152
460	239	2.2627
460	251	2.45469
460	283	2.50208
460	338	2.59645
460	395	3.66554
460	398	3.30691
460	418	3.25697
460	429	3.50946
460	435	3.553
460	484	4.08513
460	493	4.32451
460	499	4.22831
460	501	4.40751
460	507	4.41748
460	512	4.4127
460	524	4.72769
461	13	2.67316
461	19	2.77434
461	37	2.84463
461	65	2.66489
461	85	2.98028
461	275	3.61783
461	348	4.05493
461	357	3.88197
461	362	4.1834
461	372	6.4
461	375	4.1959
461	409	4.72809
461	421	4.64045
461	430	4.84333
461	432	4.69403
461	452	4.82279
462	20	2.76489
462	105	2.74555
462	117	2.75012
462	136	2.76334
462	152	2.89242
462	167	2.76334
462	222	3.10865
462	323	3.59029
462	332	3.81364
462	374	4.00215
462	385	4.05137
462	391	4.02942
462	402	4.36577
462	441	4.53949
462	448	4.60254
462	477	4.95262
463	467	2.7234
463	472	2.73097
463	475	2.57511
463	481	2.76
463	497	2.77729
463	504	2.7955
463	509	3.68007
463	511	3.68303
463	522	3.88103
463	530	3.87969
463	531	4.06107
463	533	4.05606
463	534	4.04963
463	536	4.04175
463	537	4.03238
464	4	2.7638
464	43	2.63237
464	66	2.66663
464	91	2.68271
464	132	2.80069
464	158	3.16078
464	204	3.29261
464	207	3.1725
464	286	3.46751
464	296	3.82013
464	396	4.51486
464	400	4.35209
464	425	4.59994
464	434	4.54896
464	438	4.58947
464	442	4.53495
465	274	2.35988
465	330	2.84477
465	350	2.80535
465	359	3.06492
465	450	3.4047
465	454	3.42826
465	458	3.42178
465	478	3.6445
465	479	3.66826
465	490	3.87346
465	498	4.04302
465	505	4.21976
465	516	4.36898
465	518	4.36867
465	519	4.36675
465	528	4.36318
465	529	4.35793
466	32	3.33177
466	54	3.10044
466	67	3.07398
466	110	3.08322
466	124	7.00928
466	208	3.38669
466	231	3.48752
466	290	3.8281
466	318	4.03395
466	347	4.14407
466	361	4.13052
466	388	4.34445
466	390	4.44023
466	405	4.59911
466	408	4.57969
466	428	4.76029
466	437	4.75948
467	439	2.92186
467	463	2.7234
467	472	2.90395
467	475	2.74809
467	481	2.93298
467	497	2.95027
467	504	2.96849
467	509	3.85306
467	511	3.85602
467	522	4.05401
467	530	4.05267
467	531	4.23405
467	533	4.22904
467	534	4.22261
467	536	4.21473
467	537	4.20537
468	41	2.65477
468	97	2.45808
468	99	2.33995
468	106	2.3329
468	112	2.42704
468	149	2.70398
468	164	2.65062
468	284	3.19839
468	365	3.75823
468	381	4.03785
468	451	4.67929
468	469	4.85102
468	473	4.78001
468	474	4.86506
468	482	4.98726
468	506	5.1527
468	521	5.62678
469	97	2.39076
469	99	2.27263
469	106	2.26558
469	112	2.35972
469	126	2.75227
469	164	2.58331
469	183	2.94715
469	353	3.74483
469	365	3.69091
469	381	3.97054
469	451	4.61198
469	468	4.85102
469	473	4.7127
469	474	4.79775
469	482	4.91994
469	506	5.08539
469	521	5.55947
470	33	3.05916
470	162	3.23457
470	198	3.34567
470	216	3.43254
470	235	3.55285
470	244	3.3965
470	263	3.76495
470	265	3.71193
470	314	3.99388
470	333	3.96245
470	393	4.52705
470	397	4.4649
470	399	7.00928
470	404	4.52671
470	407	4.56982
470	433	4.69622
470	444	4.84432
471	24	2.94604
471	47	3.17138
471	58	2.9533
471	89	2.97328
471	90	2.95843
471	122	3.47189
471	129	3.60321
471	191	3.44377
471	201	3.6408
471	241	3.87498
471	356	4.57087
471	389	4.73965
471	426	5.15432
471	427	5.07308
471	445	5.13248
471	447	5.37603
471	489	7.63675
472	439	2.92942
472	463	2.73097
472	467	2.90395
472	475	2.75566
472	481	2.94055
472	497	2.95783
472	504	2.97605
472	509	3.86062
472	511	3.86358
472	522	4.06158
472	530	4.06024
472	531	4.24162
472	533	4.23661
472	534	4.23018
472	536	4.22229
472	537	4.21293
473	97	2.31976
473	99	2.20163
473	126	2.68126
473	149	2.56566
473	164	2.5123
473	183	2.87615
473	284	3.06007
473	353	3.67383
473	365	3.61991
473	381	3.89953
473	451	4.54097
473	468	4.78001
473	469	4.7127
473	474	4.72674
473	482	4.84894
473	506	5.01438
473	521	5.48846
474	41	2.6015
474	97	2.40481
474	106	2.27963
474	126	2.76631
474	149	2.65071
474	164	2.59735
474	183	2.9612
474	284	3.14511
474	353	3.75888
474	365	3.70495
474	451	4.62602
474	468	4.86506
474	469	4.79775
474	473	4.72674
474	482	4.93398
474	506	5.09943
474	521	5.57351
475	463	2.57511
475	467	2.74809
475	472	2.75566
475	481	2.78469
475	497	2.80198
475	504	2.82019
475	509	3.70476
475	511	3.70772
475	522	3.90572
475	530	3.90438
475	531	4.08576
475	533	4.08075
475	534	4.07432
475	536	4.06644
475	537	4.05707
476	1	2.18145
476	23	2.26517
476	319	3.06472
476	342	3.24372
476	343	3.22224
476	345	3.31276
476	354	3.49682
476	422	3.92517
476	436	3.82875
476	440	4.04388
476	449	4.06954
476	453	3.97957
476	483	4.41022
476	487	4.34923
476	491	4.42262
476	510	4.68492
476	513	4.68015
477	20	3.12141
477	105	3.10208
477	117	3.10665
477	136	3.11987
477	152	3.24895
477	167	3.11987
477	222	3.46518
477	323	3.94682
477	332	4.17017
477	362	7.00928
477	374	4.35868
477	385	4.4079
477	391	4.38595
477	402	4.7223
477	441	4.89602
477	448	4.95906
477	462	4.95262
478	340	2.44859
478	350	2.71853
478	359	2.9781
478	450	3.31788
478	454	3.34144
478	458	3.33496
478	465	3.6445
478	479	3.58144
478	490	3.78664
478	495	4.04801
478	498	3.9562
478	505	4.13294
478	516	4.28216
478	518	4.28185
478	519	4.27993
478	528	4.27636
478	529	4.27111
479	330	2.78171
479	340	2.47235
479	368	2.75451
479	450	3.34164
479	454	3.36519
479	458	3.35872
479	465	3.66826
479	478	3.58144
479	490	3.8104
479	495	4.07177
479	498	3.97996
479	505	4.1567
479	516	4.30592
479	518	4.30561
479	519	4.30369
479	528	4.30011
479	529	4.29487
480	163	1.95583
480	259	2.39772
480	344	2.70175
480	376	2.90076
480	416	3.09795
480	417	3.23867
480	423	3.35779
480	459	3.66853
480	486	4.07873
480	488	4.03949
480	500	4.27548
480	502	4.29434
480	508	4.44134
480	515	4.62263
480	525	4.62137
480	527	4.61474
480	532	4.91934
481	439	2.95846
481	463	2.76
481	467	2.93298
481	472	2.94055
481	475	2.78469
481	497	2.98687
481	504	3.00508
481	509	3.88965
481	511	3.89261
481	522	4.09061
481	530	4.08927
481	531	4.27065
481	533	4.26564
481	534	4.25921
481	536	4.25133
481	537	4.24196
482	41	2.72369
482	99	2.40887
482	106	2.40182
482	112	2.49596
482	149	2.7729
482	164	2.71954
482	183	3.08339
482	284	3.26731
482	353	3.88107
482	365	3.82715
482	381	4.10678
482	451	4.74821
482	468	4.98726
482	469	4.91994
482	473	4.84894
482	474	4.93398
482	506	5.22162
482	521	5.69571
483	23	2.45622
483	187	3.01734
483	246	3.05169
483	303	3.06308
483	319	3.25577
483	342	3.43477
483	343	3.41329
483	345	3.50381
483	354	3.68787
483	436	4.0198
483	440	4.23493
483	449	4.26059
483	453	4.17062
483	476	4.41022
483	487	4.54028
483	491	4.61367
483	510	4.87597
483	513	4.8712
484	3	2.17187
484	29	2.1945
484	283	2.87684
484	326	2.99963
484	338	2.97121
484	395	4.0403
484	398	3.68168
484	412	3.70329
484	418	3.63174
484	429	3.88422
484	435	3.92777
484	460	4.08513
484	493	4.69927
484	499	4.60308
484	501	4.78227
484	507	4.79225
484	512	4.78746
484	524	5.10246
485	74	2.04027
485	254	3.01356
485	282	3.00721
485	317	2.82956
485	339	3.12735
485	387	3.17285
485	403	3.56896
485	410	3.57656
485	413	3.52932
485	455	4.0559
485	456	4.05357
485	492	4.28579
485	503	4.60125
485	514	4.66005
485	517	4.77167
485	520	4.81689
485	526	4.76999
485	535	4.93427
486	28	1.9914
486	80	2.09393
486	259	2.6401
486	344	2.94413
486	376	3.14314
486	416	3.34033
486	417	3.48105
486	423	3.60018
486	459	3.91091
486	480	4.07873
486	488	4.28187
486	500	4.51786
486	502	4.53673
486	508	4.68372
486	515	4.86501
486	525	4.86375
486	527	4.85712
486	532	5.16172
487	23	2.39523
487	187	2.95635
487	246	2.9907
487	319	3.19478
487	342	3.37378
487	343	3.3523
487	345	3.44282
487	354	3.62688
487	422	4.05523
487	436	3.95881
487	440	4.17394
487	449	4.1996
487	453	4.10964
487	476	4.34923
487	483	4.54028
487	491	4.55268
487	510	4.81498
487	513	4.81021
488	83	1.97212
488	223	2.81766
488	259	2.60085
488	344	2.90489
488	376	3.10389
488	416	3.30108
488	417	3.44181
488	423	3.56093
488	459	3.87167
488	480	4.03949
488	486	4.28187
488	500	4.47862
488	502	4.49748
488	508	4.64447
488	515	4.82577
488	525	4.82451
488	527	4.81787
488	532	5.12247
489	471	7.63675
489	494	3.18301
489	496	3.00464
489	523	3.19973
489	538	3.55441
489	539	4.21919
489	540	4.22366
489	541	3.95594
489	542	4.23519
489	543	4.24648
489	544	3.64855
489	545	4.24495
489	546	4.24589
489	547	4.24471
489	548	4.42829
489	549	3.94178
489	550	4.71575
489	551	4.53928
490	274	2.50202
490	330	2.98691
490	340	2.67756
490	368	2.95971
490	450	3.54685
490	454	3.5704
490	458	3.56392
490	465	3.87346
490	478	3.78664
490	479	3.8104
490	495	4.27697
490	498	4.18516
490	505	4.36191
490	516	4.51112
490	518	4.51081
490	519	4.50889
490	528	4.50532
490	529	4.50007
491	1	2.38489
491	23	2.46862
491	246	3.06409
491	303	3.07548
491	319	3.26817
491	342	3.44716
491	343	3.42569
491	345	3.5162
491	422	4.12862
491	436	4.03219
491	440	4.24733
491	449	4.27298
491	453	4.18302
491	476	4.42262
491	483	4.61367
491	487	4.55268
491	510	4.88837
491	513	4.88359
492	35	2.19344
492	103	2.40767
492	317	2.86373
492	339	3.16152
492	341	3.10111
492	387	3.20701
492	403	3.60313
492	410	3.61073
492	413	3.56349
492	455	4.09006
492	456	4.08773
492	485	4.28579
492	503	4.63541
492	514	4.69422
492	517	4.80584
492	520	4.85106
492	526	4.80416
492	535	4.96843
493	3	2.41125
493	29	2.43388
493	239	2.87685
493	251	3.06883
493	283	3.11622
493	326	3.23901
493	338	3.21059
493	395	4.27968
493	398	3.92106
493	412	3.94267
493	418	3.87112
493	429	4.1236
493	460	4.32451
493	484	4.69927
493	499	4.84246
493	501	5.02165
493	507	5.03163
493	512	5.02684
493	524	5.34184
494	446	2.68208
494	489	3.18301
494	496	2.83725
494	523	3.03234
494	538	3.38702
494	539	4.0518
494	540	4.05627
494	541	3.78856
494	542	4.06781
494	543	4.0791
494	544	3.48117
494	545	4.07756
494	546	4.0785
494	547	4.07732
494	548	4.26091
494	549	3.77439
494	550	4.54836
494	551	4.37189
495	2	2.39001
495	274	2.76339
495	330	3.24828
495	340	2.93892
495	350	3.20885
495	368	3.22108
495	450	3.80821
495	454	3.83177
495	458	3.82529
495	478	4.04801
495	479	4.07177
495	490	4.27697
495	498	4.44653
495	505	4.62327
495	516	4.77249
495	518	4.77218
495	519	4.77026
495	528	4.76669
495	529	4.76144
496	489	3.00464
496	494	2.83725
496	523	2.85398
496	538	3.20865
496	539	3.87344
496	540	3.8779
496	541	3.61019
496	542	3.88944
496	543	3.90073
496	544	3.3028
496	545	3.8992
496	546	3.90014
496	547	3.89895
496	548	4.08254
496	549	3.59603
496	550	4.36999
496	551	4.19353
497	439	2.97574
497	463	2.77729
497	467	2.95027
497	472	2.95783
497	475	2.80198
497	481	2.98687
497	504	3.02237
497	509	3.90694
497	511	3.9099
497	522	4.1079
497	530	4.10656
497	531	4.28794
497	533	4.28293
497	534	4.2765
497	536	4.26861
497	537	4.25925
498	274	2.67158
498	330	3.15647
498	340	2.84711
498	350	3.11704
498	368	3.12927
498	450	3.7164
498	454	3.73996
498	458	3.73348
498	465	4.04302
498	478	3.9562
498	479	3.97996
498	490	4.18516
498	495	4.44653
498	505	4.53146
498	516	4.68068
498	518	4.68037
498	519	4.67845
498	528	4.67487
498	529	4.66963
499	29	2.33768
499	239	2.78065
499	251	2.97264
499	283	3.02003
499	326	3.14281
499	338	3.1144
499	395	4.18349
499	398	3.82486
499	412	3.84648
499	418	3.77492
499	429	4.02741
499	435	4.07095
499	460	4.22831
499	484	4.60308
499	493	4.84246
499	501	4.92546
499	507	4.93543
499	512	4.93065
499	524	5.24565
500	80	2.29068
500	83	2.20811
500	163	2.39496
500	223	3.05365
500	344	3.14088
500	376	3.33988
500	416	3.53707
500	417	3.6778
500	423	3.79692
500	459	4.10766
500	480	4.27548
500	486	4.51786
500	488	4.47862
500	502	4.73347
500	508	4.88046
500	515	5.06176
500	525	5.0605
500	527	5.05386
500	532	5.35846
501	3	2.49425
501	239	2.95985
501	251	3.15183
501	326	3.32201
501	337	8.28191
501	338	3.29359
501	395	4.36268
501	398	4.00406
501	412	4.02567
501	418	3.95412
501	429	4.2066
501	435	4.25015
501	460	4.40751
501	484	4.78227
501	493	5.02165
501	499	4.92546
501	507	5.11463
501	512	5.10984
501	524	5.42484
502	28	2.20701
502	83	2.22698
502	163	2.41383
502	259	2.85571
502	344	3.15974
502	376	3.35875
502	416	3.55594
502	417	3.69666
502	423	3.81579
502	459	4.12652
502	480	4.29434
502	486	4.53673
502	488	4.49748
502	500	4.73347
502	508	4.89933
502	515	5.08062
502	525	5.07936
502	527	5.07273
502	532	5.37733
503	74	2.38988
503	254	3.36318
503	317	3.17918
503	339	3.47697
503	341	3.41657
503	387	3.52246
503	396	8.28191
503	403	3.91858
503	410	3.92618
503	413	3.87894
503	455	4.40552
503	456	4.40319
503	485	4.60125
503	492	4.63541
503	514	5.00967
503	517	5.12129
503	520	5.16651
503	526	5.11961
503	535	5.28389
504	439	2.99396
504	463	2.7955
504	467	2.96849
504	472	2.97605
504	475	2.82019
504	481	3.00508
504	497	3.02237
504	509	3.92516
504	511	3.92812
504	522	4.12612
504	530	4.12477
504	531	4.30616
504	533	4.30114
504	534	4.29472
504	536	4.28683
504	537	4.27747
505	274	2.84832
505	340	3.02386
505	350	3.29379
505	359	3.55336
505	363	8.28191
505	450	3.89315
505	454	3.9167
505	458	3.91022
505	465	4.21976
505	478	4.13294
505	479	4.1567
505	490	4.36191
505	495	4.62327
505	498	4.53146
505	516	4.85742
505	518	4.85711
505	519	4.85519
505	528	4.85162
505	529	4.84637
506	41	2.88914
506	97	2.69245
506	99	2.57432
506	106	2.56727
506	112	2.66141
506	126	3.05395
506	149	2.93835
506	183	3.24884
506	284	3.43276
506	353	4.04652
506	365	3.99259
506	381	4.27222
506	451	4.91366
506	468	5.1527
506	469	5.08539
506	473	5.01438
506	474	5.09943
506	482	5.22162
506	521	5.86115
507	3	2.50423
507	29	2.52685
507	239	2.96982
507	251	3.16181
507	283	3.2092
507	326	3.33198
507	338	3.30357
507	395	4.37266
507	398	4.01403
507	412	4.03565
507	418	3.96409
507	429	4.21658
507	435	4.26012
507	460	4.41748
507	484	4.79225
507	493	5.03163
507	499	4.93543
507	501	5.11463
507	512	5.11982
507	524	5.43482
508	28	2.35401
508	80	2.45654
508	163	2.56082
508	223	3.21951
508	259	3.0027
508	344	3.30673
508	376	3.50574
508	416	3.70293
508	417	3.84365
508	423	3.96278
508	459	4.27352
508	480	4.44134
508	486	4.68372
508	488	4.64447
508	500	4.88046
508	502	4.89933
508	515	5.22762
508	525	5.22636
508	527	5.21972
508	532	5.52432
509	5	2.17434
509	206	2.51201
509	210	2.51201
509	219	2.51201
509	439	3.87853
509	463	3.68007
509	467	3.85306
509	472	3.86062
509	475	3.70476
509	481	3.88965
509	497	3.90694
509	504	3.92516
509	511	4.81269
509	522	5.01069
509	530	5.00935
509	531	5.19073
509	533	5.18572
509	534	5.17929
509	536	5.1714
509	537	5.16204
510	1	2.6472
510	23	2.73092
510	187	3.29204
510	246	3.32639
510	303	3.33778
510	319	3.53047
510	342	3.70947
510	343	3.68799
510	345	3.77851
510	354	3.96257
510	422	4.39092
510	436	4.2945
510	440	4.50963
510	449	4.53529
510	453	4.44532
510	476	4.68492
510	483	4.87597
510	487	4.81498
510	491	4.88837
510	513	5.1459
511	22	2.18334
511	206	2.51497
511	210	2.51497
511	219	2.51497
511	439	3.88149
511	463	3.68303
511	467	3.85602
511	472	3.86358
511	475	3.70772
511	481	3.89261
511	497	3.9099
511	504	3.92812
511	509	4.81269
511	522	5.01364
511	530	5.0123
511	531	5.19369
511	533	5.18867
511	534	5.18224
511	536	5.17436
511	537	5.165
512	3	2.49944
512	29	2.52207
512	239	2.96504
512	251	3.15702
512	283	3.20442
512	326	3.3272
512	338	3.29878
512	395	4.36787
512	398	4.00925
512	412	4.03086
512	418	3.95931
512	429	4.2118
512	435	4.25534
512	460	4.4127
512	484	4.78746
512	493	5.02684
512	499	4.93065
512	501	5.10984
512	507	5.11982
512	524	5.43003
513	1	2.64242
513	23	2.72615
513	187	3.28727
513	246	3.32162
513	303	3.33301
513	319	3.5257
513	342	3.70469
513	343	3.68322
513	345	3.77373
513	354	3.9578
513	422	4.38615
513	436	4.28972
513	440	4.50486
513	449	4.53051
513	453	4.44055
513	476	4.68015
513	483	4.8712
513	487	4.81021
513	491	4.88359
513	510	5.1459
514	35	2.5677
514	74	2.44869
514	93	2.52846
514	254	3.42198
514	282	3.41564
514	317	3.23799
514	341	3.47537
514	387	3.58127
514	403	3.97739
514	410	3.98499
514	413	3.93775
514	455	4.46432
514	456	4.46199
514	485	4.66005
514	492	4.69422
514	503	5.00967
514	517	5.1801
514	520	5.22532
514	526	5.17842
514	535	5.34269
515	28	2.5353
515	83	2.55526
515	163	2.74211
515	259	3.18399
515	264	8.94427
515	344	3.48803
515	376	3.68703
515	416	3.88422
515	417	4.02495
515	423	4.14407
515	459	4.45481
515	480	4.62263
515	486	4.86501
515	488	4.82577
515	500	5.06176
515	502	5.08062
515	508	5.22762
515	525	5.40765
515	527	5.40101
515	532	5.70561
516	2	2.62416
516	274	2.99754
516	330	3.48243
516	340	3.17307
516	350	3.443
516	359	3.70258
516	368	3.45523
516	450	4.04236
516	454	4.06592
516	458	4.05944
516	465	4.36898
516	478	4.28216
516	479	4.30592
516	490	4.51112
516	495	4.77249
516	498	4.68068
516	505	4.85742
516	518	5.00633
516	519	5.00441
516	528	5.00083
516	529	4.99559
517	35	2.67932
517	93	2.64008
517	103	2.89355
517	254	3.5336
517	282	3.52725
517	317	3.34961
517	339	3.64739
517	341	3.58699
517	387	3.69289
517	403	4.08901
517	410	4.09661
517	413	4.04936
517	455	4.57594
517	456	4.57361
517	485	4.77167
517	492	4.80584
517	503	5.12129
517	514	5.1801
517	520	5.33694
517	526	5.29004
517	535	5.45431
518	2	2.62385
518	274	2.99723
518	330	3.48212
518	340	3.17276
518	350	3.44269
518	359	3.70227
518	368	3.45492
518	450	4.04205
518	454	4.06561
518	458	4.05913
518	465	4.36867
518	478	4.28185
518	479	4.30561
518	490	4.51081
518	495	4.77218
518	498	4.68037
518	505	4.85711
518	516	5.00633
518	519	5.0041
518	528	5.00052
518	529	4.99528
519	2	2.62193
519	274	2.99531
519	330	3.4802
519	340	3.17084
519	350	3.44077
519	359	3.70035
519	368	3.453
519	450	4.04013
519	454	4.06368
519	458	4.05721
519	465	4.36675
519	478	4.27993
519	479	4.30369
519	490	4.50889
519	495	4.77026
519	498	4.67845
519	505	4.85519
519	516	5.00441
519	518	5.0041
519	528	4.9986
519	529	4.99336
520	35	2.72454
520	74	2.60553
520	93	2.6853
520	103	2.93877
520	254	3.57882
520	317	3.39483
520	339	3.69262
520	341	3.63221
520	387	3.73811
520	403	4.13423
520	410	4.14183
520	413	4.09459
520	455	4.62116
520	456	4.61883
520	485	4.81689
520	492	4.85106
520	503	5.16651
520	514	5.22532
520	517	5.33694
520	526	5.33526
520	535	5.49953
521	41	3.36322
521	97	3.16653
521	99	3.0484
521	106	3.04135
521	112	3.13549
521	126	3.52803
521	149	3.41243
521	164	3.35907
521	183	3.72292
521	284	3.90684
521	332	9.62341
521	353	4.5206
521	365	4.46668
521	381	4.7463
521	451	5.38774
521	468	5.62678
521	469	5.55947
521	473	5.48846
521	474	5.57351
521	482	5.69571
521	506	5.86115
522	5	2.3753
522	31	2.36124
522	206	2.71297
522	210	2.71297
522	219	2.71297
522	439	4.07949
522	463	3.88103
522	467	4.05401
522	472	4.06158
522	475	3.90572
522	481	4.09061
522	497	4.1079
522	504	4.12612
522	509	5.01069
522	511	5.01364
522	530	5.2103
522	531	5.39168
522	533	5.38667
522	534	5.38024
522	536	5.37236
522	537	5.363
523	446	2.6988
523	489	3.19973
523	494	3.03234
523	496	2.85398
523	538	3.40374
523	539	4.06852
523	540	4.07299
523	541	3.80528
523	542	4.08453
523	543	4.09582
523	544	3.49789
523	545	4.09429
523	546	4.09523
523	547	4.09404
523	548	4.27763
523	549	3.79112
523	550	4.56508
523	551	4.38862
524	3	2.81444
524	29	2.83707
524	239	3.28004
524	251	3.47202
524	283	3.51941
524	326	3.6422
524	338	3.61378
524	369	9.62341
524	395	4.68287
524	398	4.32424
524	412	4.34586
524	418	4.27431
524	429	4.52679
524	435	4.57033
524	460	4.72769
524	484	5.10246
524	493	5.34184
524	499	5.24565
524	501	5.42484
524	507	5.43482
524	512	5.43003
525	28	2.53404
525	80	2.63657
525	83	2.554
525	163	2.74085
525	223	3.39954
525	259	3.18273
525	344	3.48677
525	376	3.68578
525	416	3.88297
525	417	4.02369
525	423	4.14281
525	459	4.45355
525	480	4.62137
525	486	4.86375
525	488	4.82451
525	500	5.0605
525	502	5.07936
525	508	5.22636
525	515	5.40765
525	527	5.39975
525	532	5.70436
526	74	2.55863
526	93	2.6384
526	103	2.89187
526	254	3.53193
526	282	3.52558
526	317	3.34793
526	339	3.64572
526	341	3.58531
526	387	3.69121
526	403	4.08733
526	410	4.09493
526	413	4.04769
526	455	4.57426
526	456	4.57193
526	485	4.76999
526	492	4.80416
526	503	5.11961
526	514	5.17842
526	517	5.29004
526	520	5.33526
526	535	5.45263
527	28	2.5274
527	80	2.62994
527	83	2.54737
527	163	2.73422
527	223	3.3929
527	259	3.1761
527	344	3.48013
527	376	3.67914
527	416	3.87633
527	417	4.01705
527	423	4.13618
527	459	4.44692
527	480	4.61474
527	486	4.85712
527	488	4.81787
527	500	5.05386
527	502	5.07273
527	508	5.21972
527	515	5.40101
527	525	5.39975
527	532	5.69772
528	2	2.61836
528	274	2.99173
528	330	3.47663
528	340	3.16727
528	350	3.4372
528	359	3.69678
528	368	3.44942
528	450	4.03656
528	454	4.06011
528	458	4.05363
528	465	4.36318
528	478	4.27636
528	479	4.30011
528	490	4.50532
528	495	4.76669
528	498	4.67487
528	505	4.85162
528	516	5.00083
528	518	5.00052
528	519	4.9986
528	529	4.98979
529	2	2.61311
529	274	2.98649
529	330	3.47138
529	340	3.16202
529	350	3.43196
529	359	3.69153
529	368	3.44418
529	450	4.03131
529	454	4.05487
529	458	4.04839
529	465	4.35793
529	478	4.27111
529	479	4.29487
529	490	4.50007
529	495	4.76144
529	498	4.66963
529	505	4.84637
529	516	4.99559
529	518	4.99528
529	519	4.99336
529	528	4.98979
530	22	2.38
530	31	2.3599
530	206	2.71162
530	210	2.71162
530	219	2.71162
530	439	4.07815
530	463	3.87969
530	467	4.05267
530	472	4.06024
530	475	3.90438
530	481	4.08927
530	497	4.10656
530	504	4.12477
530	509	5.00935
530	511	5.0123
530	522	5.2103
530	531	5.39034
530	533	5.38533
530	534	5.3789
530	536	5.37102
530	537	5.36165
531	5	2.55534
531	22	2.56138
531	31	2.54129
531	206	2.89301
531	210	2.89301
531	219	2.89301
531	439	4.25953
531	463	4.06107
531	467	4.23405
531	472	4.24162
531	475	4.08576
531	481	4.27065
531	497	4.28794
531	504	4.30616
531	509	5.19073
531	511	5.19369
531	522	5.39168
531	530	5.39034
531	533	5.56671
531	534	5.56028
531	536	5.5524
531	537	5.54304
532	28	2.832
532	80	2.93454
532	83	2.85197
532	163	3.03882
532	223	3.6975
532	259	3.4807
532	344	3.78473
532	364	10.3189
532	376	3.98374
532	416	4.18093
532	417	4.32165
532	423	4.44078
532	459	4.75152
532	480	4.91934
532	486	5.16172
532	488	5.12247
532	500	5.35846
532	502	5.37733
532	508	5.52432
532	515	5.70561
532	525	5.70436
532	527	5.69772
533	5	2.55033
533	22	2.55637
533	31	2.53627
533	206	2.88799
533	210	2.88799
533	219	2.88799
533	439	4.25452
533	463	4.05606
533	467	4.22904
533	472	4.23661
533	475	4.08075
533	481	4.26564
533	497	4.28293
533	504	4.30114
533	509	5.18572
533	511	5.18867
533	522	5.38667
533	530	5.38533
533	531	5.56671
533	534	5.55527
533	536	5.54739
533	537	5.53802
534	5	2.5439
534	22	2.54994
534	31	2.52984
534	206	2.88157
534	210	2.88157
534	219	2.88157
534	439	4.24809
534	463	4.04963
534	467	4.22261
534	472	4.23018
534	475	4.07432
534	481	4.25921
534	497	4.2765
534	504	4.29472
534	509	5.17929
534	511	5.18224
534	522	5.38024
534	530	5.3789
534	531	5.56028
534	533	5.55527
534	536	5.54096
534	537	5.5316
535	35	2.84191
535	74	2.72291
535	93	2.80268
535	103	3.05614
535	254	3.6962
535	282	3.68985
535	317	3.5122
535	339	3.80999
535	341	3.74959
535	387	3.85549
535	403	4.2516
535	410	4.2592
535	413	4.21196
535	455	4.73854
535	456	4.73621
535	485	4.93427
535	492	4.96843
535	503	5.28389
535	514	5.34269
535	517	5.45431
535	520	5.49953
535	526	5.45263
536	5	2.53601
536	22	2.54205
536	31	2.52196
536	206	2.87368
536	210	2.87368
536	219	2.87368
536	439	4.2402
536	463	4.04175
536	467	4.21473
536	472	4.22229
536	475	4.06644
536	481	4.25133
536	497	4.26861
536	504	4.28683
536	509	5.1714
536	511	5.17436
536	522	5.37236
536	530	5.37102
536	531	5.5524
536	533	5.54739
536	534	5.54096
536	537	5.52371
537	5	2.52665
537	22	2.53269
537	31	2.5126
537	206	2.86432
537	210	2.86432
537	219	2.86432
537	439	4.23084
537	463	4.03238
537	467	4.20537
537	472	4.21293
537	475	4.05707
537	481	4.24196
537	497	4.25925
537	504	4.27747
537	509	5.16204
537	511	5.165
537	522	5.363
537	530	5.36165
537	531	5.54304
537	533	5.53802
537	534	5.5316
537	536	5.52371
538	411	8.28191
538	446	3.05348
538	489	3.55441
538	494	3.38702
538	496	3.20865
538	523	3.40374
538	539	4.4232
538	540	4.42767
538	541	4.15996
538	542	4.43921
538	543	4.45049
538	544	3.85257
538	545	4.44896
538	546	4.4499
538	547	4.44872
538	548	4.63231
538	549	4.14579
538	550	4.91976
538	551	4.74329
539	25	2.24254
539	116	2.4309
539	245	2.72633
539	360	3.06203
539	367	3.06203
539	446	3.71826
539	489	4.21919
539	494	4.0518
539	496	3.87344
539	523	4.06852
539	538	4.4232
539	540	5.09245
539	541	4.82474
539	542	5.10399
539	543	5.11528
539	544	4.51735
539	545	5.11375
539	546	5.11468
539	547	5.1135
539	548	5.29709
539	549	4.81058
539	550	5.58454
539	551	5.40807
540	114	2.23706
540	116	2.43537
540	245	2.7308
540	360	3.0665
540	367	3.0665
540	446	3.72273
540	489	4.22366
540	494	4.05627
540	496	3.8779
540	523	4.07299
540	538	4.42767
540	539	5.09245
540	541	4.82921
540	542	5.10846
540	543	5.11975
540	544	4.52182
540	545	5.11822
540	546	5.11915
540	547	5.11797
540	548	5.30156
540	549	4.81505
540	550	5.58901
540	551	5.41254
541	360	2.79879
541	367	2.79879
541	401	9.62341
541	446	3.45502
541	489	3.95594
541	494	3.78856
541	496	3.61019
541	523	3.80528
541	538	4.15996
541	539	4.82474
541	540	4.82921
541	542	4.84074
541	543	4.85203
541	544	4.25411
541	545	4.8505
541	546	4.85144
541	547	4.85026
541	548	5.03385
541	549	4.54733
541	550	5.3213
541	551	5.14483
542	114	2.24859
542	116	2.4469
542	245	2.74233
542	360	3.07804
542	367	3.07804
542	446	3.73427
542	489	4.23519
542	494	4.06781
542	496	3.88944
542	523	4.08453
542	538	4.43921
542	539	5.10399
542	540	5.10846
542	541	4.84074
542	543	5.13128
542	544	4.53335
542	545	5.12975
542	546	5.13069
542	547	5.12951
542	548	5.31309
542	549	4.82658
542	550	5.60055
542	551	5.42408
543	25	2.26983
543	114	2.25988
543	245	2.75362
543	360	3.08933
543	367	3.08933
543	446	3.74556
543	489	4.24648
543	494	4.0791
543	496	3.90073
543	523	4.09582
543	538	4.45049
543	539	5.11528
543	540	5.11975
543	541	4.85203
543	542	5.13128
543	544	4.54464
543	545	5.14104
543	546	5.14198
543	547	5.14079
543	548	5.32438
543	549	4.83787
543	550	5.61183
543	551	5.43537
544	360	2.4914
544	367	2.4914
544	446	3.14763
544	489	3.64855
544	494	3.48117
544	496	3.3028
544	523	3.49789
544	538	3.85257
544	539	4.51735
544	540	4.52182
544	541	4.25411
544	542	4.53335
544	543	4.54464
544	545	4.54311
544	546	4.54405
544	547	4.54287
544	548	4.72646
544	549	4.23994
544	550	5.01391
544	551	4.83744
545	25	2.2683
545	116	2.45666
545	245	2.75209
545	360	3.08779
545	367	3.08779
545	446	3.74403
545	489	4.24495
545	494	4.07756
545	496	3.8992
545	523	4.09429
545	538	4.44896
545	539	5.11375
545	540	5.11822
545	541	4.8505
545	542	5.12975
545	543	5.14104
545	544	4.54311
545	546	5.14045
545	547	5.13926
545	548	5.32285
545	549	4.83634
545	550	5.6103
545	551	5.43384
546	114	2.25929
546	116	2.4576
546	245	2.75303
546	360	3.08873
546	367	3.08873
546	446	3.74496
546	489	4.24589
546	494	4.0785
546	496	3.90014
546	523	4.09523
546	538	4.4499
546	539	5.11468
546	540	5.11915
546	541	4.85144
546	542	5.13069
546	543	5.14198
546	544	4.54405
546	545	5.14045
546	547	5.1402
546	548	5.32379
546	549	4.83728
546	550	5.61124
546	551	5.43478
547	25	2.26806
547	116	2.45641
547	245	2.75185
547	360	3.08755
547	367	3.08755
547	446	3.74378
547	489	4.24471
547	494	4.07732
547	496	3.89895
547	523	4.09404
547	538	4.44872
547	539	5.1135
547	540	5.11797
547	541	4.85026
547	542	5.12951
547	543	5.14079
547	544	4.54287
547	545	5.13926
547	546	5.1402
547	548	5.32261
547	549	4.83609
547	550	5.61006
547	551	5.43359
548	25	2.45165
548	114	2.44169
548	116	2.64
548	245	2.93543
548	360	3.27114
548	367	3.27114
548	446	3.92737
548	489	4.42829
548	494	4.26091
548	496	4.08254
548	523	4.27763
548	538	4.63231
548	539	5.29709
548	540	5.30156
548	541	5.03385
548	542	5.31309
548	543	5.32438
548	544	4.72646
548	545	5.32285
548	546	5.32379
548	547	5.32261
548	549	5.01968
548	550	5.79365
548	551	5.61718
549	254	4.47214
549	281	4.47214
549	446	3.44086
549	489	3.94178
549	494	3.77439
549	496	3.59603
549	523	3.79112
549	538	4.14579
549	539	4.81058
549	540	4.81505
549	541	4.54733
549	542	4.82658
549	543	4.83787
549	544	4.23994
549	545	4.83634
549	546	4.83728
549	547	4.83609
549	548	5.01968
549	550	5.30713
549	551	5.13067
550	25	2.7391
550	114	2.72914
550	116	2.92745
550	245	3.22289
550	321	12.5
550	360	3.55859
550	367	3.55859
550	446	4.21482
550	489	4.71575
550	494	4.54836
550	496	4.36999
550	523	4.56508
550	538	4.91976
550	539	5.58454
550	540	5.58901
550	541	5.3213
550	542	5.60055
550	543	5.61183
550	544	5.01391
550	545	5.6103
550	546	5.61124
550	547	5.61006
550	548	5.79365
550	549	5.30713
550	551	5.90463
551	25	2.56263
551	114	2.55268
551	245	3.04642
551	321	11.7576
551	360	3.38212
551	367	3.38212
551	446	4.03835
551	489	4.53928
551	494	4.37189
551	496	4.19353
551	523	4.38862
551	538	4.74329
551	539	5.40807
551	540	5.41254
551	541	5.14483
551	542	5.42408
551	543	5.43537
551	544	4.83744
551	545	5.43384
551	546	5.43478
551	547	5.43359
551	548	5.61718
551	549	5.13067
551	550	5.90463
