487 8511
1 2 5
1 3 390
1 4 875
1 6 120
1 7 610
1 8 10
1 10 5
1 11 380
1 12 1490
1 15 10
1 16 5
1 21 5
1 22 120
1 23 5
1 24 130
1 25 5
1 26 140
1 27 10210
1 50 5
1 51 5
1 53 5
1 54 5
1 55 10
1 56 5
1 58 5
1 59 5
1 63 10
1 69 5
1 70 5
1 71 5
1 74 20
1 76 135
1 79 15
1 80 5
1 145 125
1 146 245
1 149 415
1 153 5
1 161 5
1 163 245
1 171 5
1 192 5
2 4 505
2 5 10
2 7 10
2 11 10
2 12 10
2 24 5
2 25 260
2 26 5
2 27 2195
2 55 10
2 70 145
2 74 10
2 80 5
2 145 5
2 149 270
2 163 5
3 4 11725
3 6 265
3 7 7710
3 8 160
3 9 140
3 10 4585
3 11 5
3 12 5205
3 13 10
3 14 10
3 15 3125
3 16 6160
3 17 4075
3 18 125
3 21 3700
3 24 145
3 25 12560
3 26 10
3 27 25610
3 28 385
3 34 5
3 37 130
3 41 5
3 48 125
3 49 10
3 50 670
3 51 145
3 52 5
3 53 10
3 54 205
3 55 17215
3 56 1105
3 57 395
3 58 5
3 59 150
3 60 165
3 61 125
3 63 520
3 64 5
3 67 5
3 68 10
3 69 285
3 70 380
3 71 2060
3 74 33980
3 75 5
3 76 1560
3 77 145
3 78 145
3 79 4400
3 80 130
3 83 5
3 99 5
3 106 5
3 145 5
3 149 1305
3 153 5
3 157 5
3 163 190
3 165 5
3 170 5
3 171 5
3 172 125
3 174 5
3 176 125
3 178 270
3 179 125
3 180 5
3 182 5
3 187 5
3 189 125
3 191 10
3 192 10
3 220 5
4 6 140
4 7 11385
4 8 275
4 9 415
4 10 4990
4 11 10
4 12 6475
4 14 5
4 15 1040
4 16 1940
4 17 2070
4 21 1220
4 22 120
4 23 125
4 24 275
4 25 14225
4 26 180
4 27 33220
4 37 270
4 42 5
4 48 5
4 50 5
4 51 5
4 54 200
4 55 7190
4 56 155
4 63 5
4 70 145
4 71 5
4 74 19850
4 76 130
4 78 5
4 79 1320
4 80 145
4 99 5
4 107 5
4 146 120
4 149 2505
4 153 120
4 157 5
4 163 415
4 178 140
4 191 5
4 192 130
5 7 5
5 11 5
5 12 5
5 24 5
5 27 10
5 39 5
5 50 5
5 69 5
5 70 10
5 145 5
5 146 5
5 149 5
6 7 15975
6 8 310
6 9 300
6 10 1020
6 11 10
6 12 650
6 13 165
6 14 330
6 15 675
6 16 160
6 17 125
6 18 385
6 21 425
6 22 5
6 23 5
6 24 10
6 25 1115
6 26 10
6 27 2570
6 29 5
6 34 5
6 37 10
6 42 5
6 44 5
6 45 5
6 46 5
6 50 310
6 53 10
6 54 210
6 55 2800
6 56 145
6 58 5
6 59 165
6 60 5
6 62 5
6 63 10
6 64 5
6 66 5
6 68 150
6 69 5
6 70 10
6 71 125
6 74 11015
6 76 305
6 77 5
6 78 5
6 79 285
6 80 5
6 83 5
6 90 5
6 99 5
6 146 160
6 149 3425
6 153 15
6 157 5
6 163 155
6 171 150
6 178 5
6 189 5
6 191 10
6 192 5
7 8 3455
7 9 1640
7 10 6645
7 11 400
7 12 7055
7 13 175
7 14 2310
7 15 8015
7 16 11155
7 17 5705
7 18 895
7 19 5
7 21 7130
7 22 155
7 23 10
7 24 3200
7 25 27640
7 26 6585
7 27 42805
7 28 425
7 29 5
7 30 5
7 31 10
7 32 15
7 33 10
7 34 5
7 35 5
7 36 5
7 37 5355
7 38 5
7 39 10
7 40 5
7 41 10
7 42 10
7 45 10
7 47 5
7 48 5
7 49 415
7 50 1280
7 51 5
7 53 10
7 54 1430
7 55 33215
7 56 12560
7 57 860
7 58 5
7 59 15
7 60 1495
7 61 5
7 62 20
7 63 4535
7 64 5
7 66 5
7 68 150
7 69 3060
7 70 9165
7 71 8505
7 73 10
7 74 102780
7 76 4135
7 77 10
7 78 285
7 79 8255
7 80 2975
7 82 5
7 83 5
7 99 10
7 107 5
7 109 5
7 110 5
7 145 1090
7 146 5990
7 149 29300
7 151 5
7 153 480
7 155 10
7 157 5
7 159 5
7 161 5
7 162 5
7 163 20920
7 165 10
7 170 5
7 171 1240
7 174 20
7 176 15
7 178 340
7 179 5
7 180 910
7 182 10
7 187 5
7 189 20
7 191 1245
7 192 2175
7 194 5
7 196 5
7 211 5
7 464 5
7 476 5
8 9 830
8 10 155
8 11 10
8 12 40
8 13 160
8 14 150
8 15 295
8 16 5
8 17 155
8 18 5
8 21 155
8 22 5
8 23 5
8 25 620
8 26 155
8 27 545
8 50 5
8 54 150
8 55 385
8 56 5
8 58 5
8 63 5
8 66 5
8 68 5
8 70 5
8 71 150
8 74 945
8 76 5
8 77 5
8 79 150
8 149 510
8 163 110
8 165 10
8 171 5
8 178 5
8 182 5
8 189 5
8 191 175
8 192 5
8 464 5
9 10 5
9 12 145
9 14 5
9 15 125
9 16 5
9 17 275
9 21 135
9 25 570
9 26 10
9 27 295
9 28 5
9 34 5
9 50 5
9 53 5
9 54 135
9 55 655
9 56 520
9 63 10
9 70 5
9 71 245
9 74 820
9 76 135
9 79 155
9 145 5
9 146 85
9 149 1040
9 153 5
9 163 5
9 171 170
9 178 5
9 189 5
9 191 5
10 12 2405
10 13 5
10 14 905
10 15 5135
10 16 1975
10 17 1750
10 18 3165
10 21 2585
10 23 5
10 24 150
10 25 12450
10 27 3230
10 37 5
10 41 5
10 48 5
10 49 10
10 50 255
10 51 5
10 52 5
10 53 10
10 54 400
10 55 27915
10 56 2615
10 59 5
10 60 165
10 61 5
10 63 130
10 66 5
10 68 10
10 69 5
10 70 2850
10 71 1000
10 72 5
10 73 155
10 74 120860
10 76 1845
10 77 135
10 78 10
10 79 2355
10 80 645
10 99 5
10 106 5
10 107 5
10 149 2490
10 163 1380
10 171 370
10 172 5
10 176 5
10 178 145
10 179 5
10 180 5
10 182 5
10 187 5
10 189 5
10 190 5
10 191 1395
10 192 860
10 220 5
11 12 10335
11 16 5
11 17 5
11 21 10
11 22 130
11 23 405
11 24 125
11 25 160
11 26 120
11 27 3930
11 34 5
11 41 5
11 42 5
11 45 5
11 55 10
11 70 5
11 71 85
11 74 210
11 79 5
11 145 140
11 146 15
11 149 1340
11 153 10
11 157 10
11 161 5
12 14 5
12 15 270
12 16 180
12 17 5570
12 18 120
12 21 1835
12 22 1835
12 23 4160
12 24 9450
12 25 10495
12 26 1975
12 27 47665
12 31 5
12 34 5
12 37 130
12 41 5
12 42 10
12 45 5
12 46 5
12 49 5
12 50 345
12 51 5
12 53 5
12 54 5
12 55 1725
12 56 350
12 57 30
12 58 5
12 59 5
12 62 25
12 63 30
12 64 5
12 66 5
12 68 10
12 69 155
12 70 335
12 71 215
12 74 5870
12 75 5
12 76 180
12 77 145
12 78 5
12 79 175
12 80 170
12 99 35
12 145 55
12 146 175
12 149 11795
12 150 10
12 151 5
12 153 35
12 156 5
12 157 10
12 159 10
12 163 20
12 171 145
12 178 145
12 191 5
12 193 5
12 194 5
12 196 10
12 205 5
12 211 10
13 14 1245
13 15 160
13 16 165
13 17 5
13 19 5
13 20 5
13 21 2005
13 25 250
13 27 5
13 50 5
13 55 3125
13 70 10
13 74 2470
13 76 5
13 79 1575
13 149 170
13 163 160
13 171 5
13 174 10
13 180 5
13 191 5
13 192 5
13 207 5
14 15 3205
14 16 10
14 17 1185
14 18 190
14 21 1090
14 24 5
14 25 875
14 27 155
14 37 5
14 50 135
14 55 5575
14 56 5
14 70 275
14 74 29775
14 79 1785
14 149 500
14 163 530
14 171 140
14 173 5
14 174 5
14 176 5
14 180 5
14 191 5
14 192 280
14 207 5
15 16 4325
15 17 1920
15 18 2150
15 19 5
15 20 5
15 21 3430
15 24 125
15 25 11300
15 26 130
15 27 3635
15 33 5
15 35 5
15 37 5
15 41 5
15 45 5
15 49 10
15 50 320
15 51 5
15 53 15
15 54 980
15 55 23360
15 56 2505
15 57 1270
15 59 10
15 60 170
15 61 5
15 63 1635
15 64 5
15 68 10
15 69 175
15 70 2235
15 71 2670
15 73 5
15 74 33350
15 75 5
15 76 3605
15 77 150
15 78 10
15 79 2870
15 80 1320
15 145 5
15 146 440
15 149 3620
15 153 270
15 163 3090
15 170 5
15 171 820
15 174 295
15 176 125
15 178 145
15 179 5
15 180 945
15 189 5
15 191 10
15 192 1660
16 17 1345
16 18 5
16 21 2485
16 23 5
16 25 11345
16 26 180
16 27 4240
16 28 5
16 32 5
16 33 5
16 34 5
16 37 1345
16 41 5
16 42 5
16 45 5
16 46 5
16 49 10
16 50 155
16 51 5
16 53 5
16 54 635
16 55 5625
16 56 1705
16 57 1195
16 58 5
16 59 5
16 60 5
16 63 1395
16 68 10
16 69 5
16 70 320
16 71 2045
16 74 18460
16 75 5
16 76 2180
16 77 145
16 78 5
16 79 2625
16 80 345
16 99 5
16 107 5
16 146 10
16 149 2920
16 163 1385
16 171 10
16 174 5
16 178 145
16 180 5
16 189 5
16 191 5
16 192 10
17 18 970
17 21 320
17 23 5
17 24 300
17 25 6530
17 26 5
17 27 2205
17 37 5
17 50 5
17 51 5
17 55 10680
17 56 10
17 70 255
17 74 18620
17 76 135
17 78 5
17 79 620
17 80 10
17 145 5
17 146 5
17 149 520
17 153 5
17 163 5
17 171 10
17 173 5
17 178 5
17 179 5
17 180 5
17 189 5
17 191 5
17 192 10
17 206 5
18 21 160
18 24 5
18 25 1470
18 27 275
18 37 5
18 50 5
18 53 5
18 55 4635
18 56 5
18 70 145
18 71 155
18 74 21590
18 76 155
18 79 10
18 145 5
18 149 520
18 163 120
18 171 5
18 180 5
18 191 5
18 192 145
19 20 140
19 21 10
19 27 5
19 64 5
19 70 10
19 74 20
19 76 5
19 77 5
19 79 10
19 146 5
19 149 10
19 163 5
19 170 5
19 171 5
19 174 5
19 192 5
20 21 10
20 48 5
20 49 5
20 50 5
20 53 5
20 54 5
20 55 5
20 61 5
20 63 5
20 64 5
20 70 10
20 73 5
20 74 10
20 76 10
20 77 5
20 79 10
20 80 5
20 180 5
20 189 5
20 206 5
21 23 5
21 24 160
21 25 5475
21 26 5
21 27 1480
21 31 5
21 37 10
21 38 5
21 39 5
21 41 5
21 44 5
21 49 5
21 50 25
21 51 5
21 53 5
21 55 27395
21 56 200
21 59 5
21 61 10
21 63 5
21 69 5
21 70 275
21 73 5
21 74 56520
21 76 260
21 77 5
21 79 6810
21 80 15
21 99 5
21 107 5
21 109 5
21 110 10
21 145 10
21 146 15
21 149 685
21 153 15
21 163 160
21 170 10
21 171 15
21 174 140
21 176 5
21 178 25
21 179 30
21 180 120
21 182 5
21 187 5
21 189 15
21 191 10
21 192 295
21 206 10
21 207 5
22 23 130
22 24 265
22 25 125
22 26 10
22 27 740
22 55 160
22 56 5
22 74 145
22 145 10
22 146 5
22 149 310
22 153 5
22 161 5
22 162 5
22 173 5
22 194 5
22 196 5
22 205 5
22 211 5
23 25 5
23 26 5
23 27 470
23 39 5
23 50 5
23 55 10
23 56 5
23 57 5
23 63 5
23 69 5
23 70 10
23 71 5
23 74 10
23 79 5
23 80 5
23 145 10
23 146 10
23 149 310
23 153 10
23 157 5
23 158 5
23 159 5
23 161 5
23 163 5
23 194 5
23 196 5
23 205 5
23 211 5
24 25 555
24 26 1870
24 27 4200
24 37 5
24 41 5
24 42 5
24 45 5
24 51 5
24 53 5
24 55 155
24 58 5
24 59 5
24 64 5
24 70 5
24 71 5
24 74 1175
24 77 5
24 78 5
24 79 170
24 149 1415
24 171 5
24 191 5
25 26 755
25 27 18315
25 28 130
25 37 1720
25 49 10
25 50 255
25 51 5
25 54 730
25 55 25390
25 56 4765
25 57 5
25 59 5
25 60 165
25 63 1290
25 68 5
25 69 640
25 70 4980
25 71 5280
25 72 5
25 74 124815
25 76 3730
25 77 130
25 78 5
25 79 6410
25 80 1215
25 99 5
25 107 5
25 145 5
25 146 5
25 149 9560
25 153 145
25 157 155
25 163 4155
25 171 435
25 174 5
25 178 140
25 180 5
25 191 5650
25 192 450
25 193 5
25 211 5
26 27 9305
26 28 5
26 34 5
26 37 5
26 39 5
26 45 5
26 50 10
26 53 5
26 54 5
26 55 150
26 56 5
26 57 5
26 60 5
26 63 5
26 69 135
26 70 25
26 71 5
26 74 1590
26 76 5
26 79 10
26 80 5
26 145 5
26 146 10
26 147 5
26 149 3475
26 153 5
26 156 5
26 163 740
26 165 5
26 171 10
27 28 15
27 30 5
27 31 10
27 32 5
27 33 10
27 34 10
27 35 10
27 36 5
27 37 915
27 38 10
27 39 10
27 40 5
27 41 10
27 42 5
27 44 10
27 45 10
27 46 10
27 49 20
27 50 755
27 51 10
27 53 10
27 54 400
27 55 16855
27 56 1270
27 57 185
27 58 5
27 59 5
27 60 205
27 62 15
27 63 650
27 64 5
27 66 5
27 68 10
27 69 160
27 70 1545
27 71 1340
27 74 48455
27 75 5
27 76 955
27 77 10
27 78 5
27 79 6430
27 80 815
27 82 5
27 83 5
27 92 5
27 99 10
27 107 15
27 109 5
27 110 15
27 145 360
27 146 645
27 147 5
27 149 29365
27 150 5
27 151 5
27 153 75
27 156 5
27 157 10
27 161 10
27 163 5830
27 165 320
27 167 5
27 169 5
27 171 320
27 174 5
27 178 150
27 180 10
27 182 5
27 187 5
27 189 5
27 191 5
27 192 185
27 194 15
27 196 5
27 211 5
28 29 5
28 32 165
28 33 20
28 34 5
28 37 140
28 38 10
28 39 5
28 40 10
28 41 5
28 42 15
28 44 5
28 45 10
28 46 110
28 47 5
28 55 5
28 70 5
28 74 10
28 79 5
28 80 5
28 107 5
28 149 5
28 163 5
29 32 5
29 33 5
29 36 5
29 38 250
29 39 10
29 40 130
29 42 5
29 43 5
29 44 10
29 47 110
29 163 5
30 33 5
30 36 10
30 38 5
30 39 290
30 40 5
30 43 5
30 192 5
31 39 5
31 41 120
31 50 5
31 146 5
32 33 980
32 34 10
32 36 10
32 37 480
32 38 850
32 39 15
32 40 10
32 42 15
32 43 350
32 44 10
32 45 5
32 46 230
32 47 470
32 50 5
32 55 5
32 70 5
32 74 5
32 146 5
32 163 5
32 192 5
33 34 5
33 35 5
33 36 5
33 37 10
33 38 745
33 39 10
33 40 15
33 42 10
33 44 10
33 45 5
33 46 5
33 47 10
33 55 5
33 56 5
33 76 5
33 80 5
33 146 5
33 149 5
33 163 5
34 37 15
34 39 5
34 42 5
34 45 10
34 46 10
34 47 5
34 49 5
34 50 5
34 55 5
34 56 5
34 60 5
34 63 5
34 69 5
34 70 5
34 71 5
34 74 10
34 76 5
34 80 5
34 146 5
34 149 5
35 36 10
35 39 10
35 42 5
35 47 10
35 50 5
35 70 5
35 80 5
35 107 5
35 146 5
36 38 10
36 39 20
36 40 10
36 42 10
36 43 10
36 44 130
36 47 220
37 39 10
37 41 5
37 42 5
37 43 5
37 45 10
37 46 575
37 47 5
37 49 5
37 50 10
37 54 5
37 55 465
37 56 10
37 63 5
37 69 5
37 70 5
37 71 5
37 74 10325
37 76 5
37 79 5
37 80 5
37 107 5
37 110 5
37 146 10
37 149 410
37 163 5
37 171 5
37 174 5
37 175 5
37 176 5
37 178 5
37 180 5
37 192 10
38 39 15
38 40 635
38 42 10
38 43 120
38 44 1230
38 45 5
38 46 5
38 47 595
38 146 5
38 149 10
38 163 5
38 180 5
39 40 10
39 41 5
39 42 15
39 43 10
39 44 5
39 45 5
39 46 5
39 47 125
39 70 5
39 149 5
40 42 10
40 43 10
40 44 10
40 45 5
40 47 115
41 45 5
41 46 5
41 50 5
41 145 5
41 146 10
41 149 10
41 153 5
41 163 5
41 165 5
41 171 5
41 174 5
41 178 5
41 187 5
41 189 5
41 192 5
42 43 10
42 44 10
42 45 10
42 47 10
42 145 5
42 146 5
42 149 10
42 153 5
42 174 5
42 179 5
43 44 140
43 47 440
44 47 345
44 146 5
45 145 5
45 146 10
45 149 5
45 153 5
45 163 5
46 47 5
46 149 5
47 55 5
47 76 5
47 146 5
48 50 280
48 52 140
48 55 10
48 56 5
48 59 5
48 60 5
48 63 285
48 66 10
48 68 5
48 70 10
48 72 5
48 74 3420
48 78 5
48 79 5
48 80 5
48 107 5
48 149 5
48 170 10
48 171 10
48 174 10
48 176 5
48 177 5
48 178 10
48 179 5
48 180 5
48 182 5
48 184 5
48 189 5
48 191 10
48 192 10
49 50 1120
49 56 425
49 58 5
49 60 785
49 61 3010
49 62 1500
49 63 10
49 64 5
49 65 5
49 66 5
49 68 500
49 69 500
49 70 50465
49 74 17840
49 75 5
49 79 5
49 80 495
49 82 15
49 83 10
49 85 10
49 87 5
49 89 10
49 90 5
49 93 5
49 94 5
49 98 170
49 99 11965
49 101 170
49 106 190
49 107 40265
49 108 5
49 109 1040
49 110 1775
49 146 5
49 149 130
49 170 330
49 171 285
49 172 665
49 173 15
49 174 310
49 175 5
49 176 555
49 177 15
49 178 13700
49 179 10
49 180 15
49 181 10
49 182 2990
49 184 5
49 185 5
49 186 5
49 187 140
49 188 5
49 189 10035
49 190 290
49 191 880
49 192 12030
49 194 5
49 203 5
49 206 10
49 207 10
49 220 15
49 231 15
50 52 505
50 53 5
50 54 205
50 55 1060
50 56 8005
50 58 5
50 60 1995
50 61 1970
50 62 25
50 63 1850
50 66 5
50 68 715
50 69 5
50 70 67685
50 71 10
50 74 105290
50 75 5
50 76 335
50 79 530
50 80 2950
50 99 290
50 101 5
50 107 4695
50 109 10
50 110 10
50 146 5
50 149 1915
50 170 4155
50 171 3455
50 172 5
50 173 5
50 174 4420
50 175 5
50 176 2250
50 178 12865
50 179 175
50 180 4225
50 181 5
50 182 155
50 184 10
50 187 320
50 188 5
50 189 4635
50 190 10
50 191 14705
50 192 24690
50 197 5
50 203 5
50 206 5
50 207 5
50 220 5
51 52 5
51 53 2430
51 55 10
51 59 5
51 64 460
51 67 160
51 72 2050
51 73 300
51 74 750
51 77 455
51 78 2690
51 79 300
51 149 5
51 163 5
51 170 5
51 171 5
51 176 5
51 178 5
51 179 5
51 180 5
51 189 5
51 191 10
52 56 6360
52 59 5
52 63 140
52 68 5
52 70 7615
52 74 4465
52 149 5
52 170 5
52 171 10
52 176 5
52 178 5
52 191 5
52 192 140
53 55 10
53 59 2480
53 67 10
53 70 5
53 71 5
53 72 150
53 73 1350
53 74 940
53 76 5
53 77 650
53 78 1995
53 79 285
53 80 5
53 149 10
53 153 10
53 170 10
53 171 165
53 174 10
53 176 5
53 178 5
53 180 10
53 189 5
53 191 10
53 192 10
54 55 9440
54 56 205
54 70 350
54 71 5
54 74 78700
54 76 3420
54 77 140
54 79 205
54 80 200
54 107 5
54 110 5
54 146 5
54 149 340
54 170 205
54 171 365
54 174 205
54 176 5
54 178 5
54 180 5
54 184 5
54 189 200
54 191 205
54 192 345
55 56 13755
55 57 2430
55 59 5
55 60 460
55 61 5
55 62 10
55 63 2250
55 68 310
55 69 25
55 70 38650
55 71 17855
55 73 165
55 74 175910
55 76 24425
55 77 10
55 78 5
55 79 32585
55 80 9695
55 98 5
55 99 5
55 107 335
55 109 20
55 110 15
55 145 10
55 146 110
55 149 17550
55 153 10
55 161 5
55 163 2070
55 165 5
55 170 180
55 171 5065
55 173 10
55 174 390
55 175 10
55 176 20
55 178 25
55 179 5
55 180 180
55 182 5
55 184 10
55 185 5
55 187 5
55 189 20
55 191 7955
55 192 9835
55 194 5
55 195 5
55 198 5
55 201 5
55 206 5
55 207 5
55 213 5
56 58 5
56 59 535
56 60 2285
56 61 1580
56 62 15
56 63 9075
56 66 5
56 68 615
56 69 5
56 70 63765
56 71 480
56 74 161425
56 76 1420
56 79 4140
56 80 5210
56 99 420
56 107 3465
56 109 5
56 110 5
56 146 5
56 149 5850
56 153 5
56 170 3600
56 171 8935
56 174 4125
56 175 5
56 176 940
56 178 15005
56 179 365
56 180 5705
56 181 5
56 182 5
56 184 5
56 187 5
56 189 3740
56 190 5
56 191 17680
56 192 25365
56 203 5
56 206 5
56 207 5
57 59 1745
57 70 5
57 71 2070
57 74 38170
57 146 5
57 149 5
57 180 170
57 191 340
58 60 5
58 61 5
58 63 10
58 64 5
58 66 120
58 68 15
58 70 10
58 74 5
58 80 5
58 99 5
58 149 10
58 153 5
58 165 5
58 170 5
58 171 10
58 172 5
58 174 5
58 176 5
58 177 5
58 178 15
58 180 5
58 182 5
58 187 5
58 188 5
58 189 10
58 190 5
58 191 10
58 192 10
58 220 5
58 231 5
59 63 5
59 70 150
59 71 1970
59 73 995
59 74 12180
59 76 290
59 77 5
59 78 165
59 79 165
59 149 170
59 153 5
59 170 10
59 171 170
59 174 10
59 176 5
59 178 5
59 180 5
59 187 5
59 189 5
59 191 185
59 192 145
60 61 435
60 62 5
60 63 150
60 66 5
60 68 1095
60 69 170
60 70 36560
60 72 5
60 74 44065
60 79 170
60 80 1165
60 82 5
60 99 160
60 106 5
60 107 4340
60 109 170
60 110 165
60 146 5
60 149 620
60 170 320
60 171 610
60 174 315
60 176 170
60 177 165
60 178 3225
60 180 305
60 182 290
60 185 165
60 187 5
60 189 330
60 190 5
60 191 460
60 192 625
61 62 5115
61 63 1835
61 64 5
61 68 630
61 69 5
61 70 22100
61 74 5130
61 82 5
61 83 5
61 87 5
61 90 5
61 92 5
61 94 160
61 98 5
61 99 7885
61 100 10
61 101 1425
61 102 5
61 106 805
61 107 36085
61 108 5
61 109 5670
61 110 5235
61 112 2730
61 113 5
61 114 180
61 142 5
61 149 5
61 170 2515
61 172 500
61 173 1660
61 174 2915
61 175 10
61 176 2010
61 177 5
61 178 23615
61 179 1615
61 180 1285
61 181 10
61 182 5240
61 184 5
61 185 970
61 187 635
61 188 10
61 189 21305
61 190 165
61 191 2985
61 192 17315
61 200 5
61 203 5
61 206 820
61 207 5
61 209 5
61 220 5
61 231 5
62 63 10
62 64 5
62 68 180
62 69 365
62 70 55575
62 74 20850
62 79 5
62 80 5
62 82 25
62 83 1315
62 85 10
62 87 15
62 89 5
62 93 5
62 94 190
62 98 20
62 99 9800
62 100 5
62 101 495
62 106 700
62 107 26300
62 109 375
62 110 1035
62 112 5
62 113 5
62 146 10
62 147 5
62 149 10
62 150 5
62 154 5
62 157 5
62 161 10
62 168 5
62 169 5
62 170 1835
62 171 485
62 172 155
62 173 15
62 174 1930
62 175 10
62 176 565
62 177 15
62 178 19845
62 179 20
62 180 835
62 181 5
62 182 2180
62 183 5
62 184 10
62 185 10
62 186 5
62 187 190
62 188 180
62 189 11675
62 190 515
62 191 8880
62 192 21080
62 194 5
62 195 5
62 197 5
62 198 5
62 203 5
62 206 10
62 209 5
62 220 10
62 231 10
62 464 10
62 484 5
63 64 5
63 66 155
63 68 300
63 69 10
63 70 48875
63 74 145025
63 75 145
63 76 145
63 79 10
63 80 670
63 82 5
63 83 5
63 99 140
63 107 8285
63 109 5
63 110 5
63 146 5
63 149 385
63 165 5
63 170 205
63 171 515
63 172 345
63 174 350
63 175 10
63 176 25
63 177 5
63 178 11265
63 179 15
63 180 200
63 181 5
63 182 10
63 184 5
63 187 10
63 188 5
63 189 2595
63 190 15
63 191 9085
63 192 15700
63 197 5
63 203 5
63 206 10
63 207 5
63 220 5
64 65 30
64 67 5
64 68 110
64 70 10
64 72 2445
64 74 20
64 75 275
64 78 15
64 79 10
64 149 10
64 170 5
64 171 10
64 173 5
64 174 5
64 176 5
64 177 5
64 178 10
64 180 5
64 182 10
64 186 5
64 189 5
64 191 10
64 192 125
64 473 5
64 481 5
65 177 5
65 182 10
65 187 5
65 220 5
65 468 5
65 473 5
65 484 5
66 68 485
66 70 365
66 74 175
66 79 5
66 80 160
66 149 10
66 165 5
66 170 10
66 171 10
66 172 5
66 174 5
66 176 10
66 177 5
66 178 10
66 180 5
66 182 5
66 187 5
66 189 10
66 190 5
66 191 10
66 192 10
66 220 5
66 231 5
67 72 10
67 74 5
67 78 10
67 79 5
68 69 10
68 70 39460
68 74 1480
68 75 1440
68 79 175
68 80 2140
68 82 5
68 90 5
68 99 315
68 106 5
68 107 2550
68 109 5
68 110 5
68 149 340
68 165 5
68 170 325
68 171 165
68 172 145
68 173 5
68 174 745
68 176 175
68 177 5
68 178 8865
68 179 155
68 180 160
68 181 5
68 182 150
68 183 5
68 184 5
68 185 5
68 186 5
68 187 145
68 188 5
68 189 2415
68 190 10
68 191 495
68 192 8725
68 203 5
68 206 10
68 207 5
68 220 10
68 231 5
68 464 5
69 70 32740
69 74 46030
69 80 135
69 82 145
69 83 5
69 86 5
69 87 5
69 89 5
69 92 5
69 93 5
69 94 10
69 95 5
69 98 5
69 99 200
69 101 5
69 106 10
69 107 8810
69 109 9495
69 110 4260
69 146 5
69 149 145
69 170 165
69 171 10
69 172 5
69 173 5
69 174 170
69 176 380
69 177 5
69 178 1075
69 179 5
69 180 330
69 182 10
69 183 5
69 184 5
69 185 620
69 186 5
69 187 630
69 188 5
69 189 20
69 190 5
69 191 5510
69 192 2655
69 206 5
69 220 10
69 231 5
69 484 5
70 71 1295
70 72 5
70 73 5
70 74 203785
70 76 870
70 79 18905
70 80 16255
70 82 1995
70 83 10725
70 85 10
70 87 4325
70 88 5
70 94 650
70 98 3445
70 99 57620
70 100 615
70 101 5530
70 106 775
70 107 92875
70 108 180
70 109 20700
70 110 21365
70 112 340
70 113 240
70 145 5
70 146 15
70 149 1220
70 153 5
70 156 5
70 161 10
70 163 5
70 164 5
70 170 49400
70 171 30835
70 172 1215
70 173 5895
70 174 51405
70 175 10
70 176 25040
70 177 10
70 178 75715
70 179 8410
70 180 53895
70 181 145
70 182 23275
70 183 5
70 184 20
70 185 2930
70 186 10
70 187 2255
70 188 10
70 189 76600
70 190 475
70 191 66425
70 192 80335
70 194 175
70 196 5
70 197 5
70 198 5
70 200 5
70 201 5
70 203 5
70 206 275
70 207 5
70 209 10
70 211 5
70 213 5
70 220 10
70 231 15
70 464 5
71 74 110045
71 76 2890
71 79 1155
71 80 5
71 110 5
71 146 5
71 149 385
71 153 10
71 165 5
71 170 10
71 171 120
71 174 10
71 176 5
71 178 5
71 180 5
71 189 5
71 191 175
71 192 565
71 207 5
72 73 5
72 74 10
72 78 2000
72 79 140
72 90 5
72 149 5
72 153 5
72 171 10
72 174 5
72 177 5
72 178 5
72 180 5
72 182 5
72 187 5
72 189 5
72 191 5
72 192 5
72 457 5
72 468 5
73 74 15
73 76 5
73 77 155
73 78 285
73 79 435
73 80 5
74 75 155
74 76 87040
74 77 25
74 78 290
74 79 140615
74 80 140575
74 82 670
74 83 5
74 85 5
74 87 5
74 94 5
74 98 5
74 99 12420
74 100 10
74 101 10
74 106 10
74 107 24980
74 108 5
74 109 1090
74 110 70
74 112 10
74 113 5
74 142 5
74 145 210
74 146 115
74 147 5
74 149 89500
74 153 180
74 156 5
74 157 10
74 159 5
74 161 10
74 163 9345
74 165 20
74 168 5
74 169 5
74 170 8975
74 171 88745
74 172 560
74 173 15
74 174 16880
74 175 25
74 176 1020
74 177 10
74 178 24010
74 179 675
74 180 22150
74 181 140
74 182 1795
74 184 30
74 185 10
74 186 5
74 187 35
74 188 5
74 189 23170
74 190 185
74 191 58005
74 192 81455
74 194 5
74 195 5
74 197 120
74 198 5
74 203 5
74 206 10
74 207 5
74 211 5
74 213 125
74 220 5
74 231 5
74 464 5
75 171 5
75 182 5
75 191 5
75 192 165
76 77 5
76 79 2415
76 80 675
76 110 5
76 146 5
76 149 965
76 153 370
76 170 860
76 171 1140
76 174 835
76 176 335
76 178 700
76 179 155
76 180 685
76 184 5
76 189 550
76 191 135
76 192 1255
76 207 5
77 78 10
77 79 20
77 149 10
77 153 5
77 170 5
77 171 160
77 174 5
77 178 5
77 180 5
77 189 5
77 191 5
78 79 10
78 149 145
78 153 5
78 171 145
78 178 5
78 189 5
78 191 5
79 80 350
79 107 5
79 110 5
79 145 5
79 146 5
79 149 1170
79 153 25
79 163 220
79 165 5
79 170 160
79 171 295
79 173 5
79 174 260
79 175 5
79 176 10
79 178 160
79 179 10
79 180 170
79 182 5
79 184 5
79 187 5
79 189 150
79 191 2330
79 192 2140
79 207 5
79 220 5
80 107 5
80 146 5
80 149 170
80 153 5
80 170 5
80 171 450
80 174 135
80 178 320
80 180 465
80 182 5
80 184 5
80 189 145
80 191 2595
80 192 145
81 86 715
81 88 5
81 92 5
81 94 125
81 95 5
81 97 405
81 98 145
81 105 10
81 108 20
81 110 10
81 112 5
81 114 5
81 127 5
81 177 10
81 179 5
81 182 5
81 187 5
81 189 5
81 192 5
81 206 5
81 464 5
81 484 5
82 83 135
82 84 10
82 85 270
82 86 5
82 87 25
82 88 5
82 89 305
82 90 20
82 91 15
82 92 5
82 94 15
82 95 5
82 96 5
82 97 5
82 98 15
82 99 10
82 102 5
82 107 160
82 108 5
82 110 10
82 114 5
82 149 5
82 170 10
82 171 5
82 172 5
82 173 10
82 174 10
82 175 5
82 176 10
82 177 5
82 178 10
82 179 10
82 180 5
82 182 5
82 185 5
82 186 5
82 187 5
82 188 5
82 189 5
82 191 545
82 192 695
82 203 5
82 206 5
82 220 5
82 229 5
82 457 5
82 464 20
82 468 25
82 472 10
82 473 5
82 484 10
82 485 5
83 84 5
83 85 10
83 87 20
83 89 20
83 90 5
83 91 120
83 93 150
83 94 280
83 95 5
83 96 5
83 98 1080
83 99 1190
83 106 5
83 107 165
83 108 5
83 110 5
83 149 5
83 170 10
83 171 5
83 172 5
83 173 5
83 174 395
83 176 5
83 177 5
83 178 15
83 179 5
83 180 10
83 182 10
83 183 5
83 184 5
83 185 5
83 186 5
83 187 5
83 188 5
83 189 15
83 190 5
83 191 10
83 192 145
83 206 5
83 220 5
83 231 5
83 464 240
83 468 5
83 484 10
84 86 5
84 87 5
84 88 145
84 89 10
84 90 30
84 91 10
84 92 5
84 94 15
84 95 5
84 96 10
84 97 5
84 98 600
84 104 10
84 108 5
84 109 5
84 110 20
84 114 5
84 115 10
84 149 5
84 177 5
84 182 10
84 183 5
84 186 5
84 187 5
84 188 5
84 189 5
84 206 5
84 220 5
84 457 10
84 458 10
84 459 15
84 460 15
84 462 5
84 464 45
84 465 5
84 466 5
84 467 5
84 468 40
84 472 30
84 473 15
84 474 15
84 475 10
84 476 10
84 478 5
84 480 10
84 481 10
84 484 465
84 485 10
85 89 10
85 90 5
85 94 10
85 99 5
85 106 5
85 107 5
85 174 5
85 178 10
85 180 5
85 189 10
85 191 5
85 192 5
86 88 5
86 89 5
86 90 5
86 91 125
86 94 155
86 97 1060
86 98 290
86 105 5
86 108 5
86 110 10
86 127 5
86 128 5
86 177 5
86 178 5
86 179 5
86 182 5
86 186 5
86 189 10
86 220 5
86 226 5
86 464 15
86 468 5
86 484 5
87 89 165
87 90 10
87 91 1130
87 92 5
87 93 850
87 94 2355
87 95 5
87 96 5
87 97 5
87 98 805
87 99 350
87 107 10
87 109 5
87 110 200
87 112 5
87 149 5
87 170 5
87 173 5
87 174 345
87 176 5
87 177 10
87 178 10
87 179 5
87 182 5
87 183 5
87 185 5
87 186 5
87 189 5
87 191 5
87 192 1010
87 220 5
87 464 10
87 468 5
87 472 5
87 473 5
87 474 5
87 484 10
88 90 5
88 98 10
88 103 5
88 105 20
88 107 175
88 108 10
88 109 370
88 110 15
88 112 5
88 114 5
88 115 5
88 127 5
88 149 5
88 170 5
88 172 140
88 176 10
88 177 10
88 178 5
88 179 5
88 182 880
88 183 5
88 185 305
88 186 5
88 187 170
88 189 15
88 194 5
88 200 5
88 202 5
88 203 5
88 206 15
88 209 5
88 220 5
88 226 5
88 458 5
88 464 20
88 468 10
88 472 10
88 473 5
88 476 5
88 484 10
89 90 5
89 91 125
89 92 5
89 94 255
89 95 5
89 96 5
89 98 1590
89 99 5
89 107 10
89 108 5
89 110 5
89 112 5
89 149 5
89 170 5
89 173 5
89 174 5
89 177 5
89 178 5
89 180 5
89 182 10
89 189 10
89 192 5
89 206 5
89 220 5
89 464 115
89 472 5
89 484 10
90 91 5
90 94 5
90 98 450
90 99 5
90 109 5
90 149 10
90 170 5
90 172 5
90 173 5
90 174 5
90 176 5
90 177 5
90 178 5
90 182 5
90 183 5
90 185 5
90 186 5
90 187 5
90 189 5
90 192 5
90 206 5
90 220 5
90 457 10
90 458 10
90 464 15
90 467 5
90 468 20
90 472 5
90 473 10
90 474 5
90 475 5
90 476 5
90 478 5
90 484 280
90 485 5
91 92 125
91 93 320
91 94 395
91 95 5
91 96 130
91 97 130
91 98 2295
91 107 5
91 114 5
91 177 5
91 178 5
91 464 575
91 468 5
91 472 5
91 484 125
92 93 5
92 94 340
92 96 10
92 97 5
92 98 145
92 106 5
92 107 10
92 110 5
92 170 5
92 172 5
92 173 5
92 174 5
92 176 5
92 177 10
92 178 10
92 179 5
92 180 5
92 182 10
92 183 5
92 185 5
92 186 5
92 187 5
92 188 5
92 189 10
92 190 5
92 191 10
92 192 10
92 206 5
92 220 5
92 231 5
92 457 5
92 464 5
92 468 5
92 484 5
93 94 1275
93 96 5
93 98 435
93 107 5
93 108 5
93 182 5
93 189 5
93 464 5
93 474 5
93 484 5
94 95 5
94 96 135
94 97 10
94 98 600
94 102 5
94 106 5
94 107 1605
94 108 10
94 109 5
94 110 10
94 112 5
94 113 5
94 114 5
94 171 5
94 172 5
94 173 5
94 174 5
94 176 235
94 177 10
94 178 1150
94 179 10
94 180 5
94 182 10
94 183 5
94 185 5
94 186 5
94 187 5
94 188 5
94 189 20
94 190 5
94 191 10
94 192 15
94 206 5
94 220 10
94 457 10
94 464 10
94 467 5
94 468 15
94 472 10
94 473 5
94 474 5
94 484 15
94 487 5
95 98 15
95 100 15
95 102 5
95 110 10
95 177 5
95 178 5
95 182 10
95 185 5
95 187 5
95 189 5
95 220 5
95 464 125
95 484 240
96 98 955
96 177 5
96 458 5
96 464 270
96 484 5
97 98 140
97 108 10
97 110 5
97 182 10
97 189 5
97 464 5
98 99 1145
98 100 15
98 101 5
98 102 5
98 105 10
98 107 310
98 108 5
98 109 320
98 110 1795
98 112 5
98 114 10
98 127 5
98 128 5
98 149 5
98 170 10
98 171 5
98 172 5
98 173 300
98 174 170
98 176 10
98 177 195
98 178 10
98 179 5
98 180 5
98 182 525
98 183 5
98 185 320
98 186 10
98 187 1350
98 189 10
98 191 325
98 192 1210
98 200 5
98 203 5
98 206 5
98 207 5
98 220 5
98 231 120
98 457 20
98 458 155
98 459 10
98 460 5
98 463 5
98 464 1675
98 465 10
98 467 5
98 468 40
98 472 40
98 473 10
98 474 10
98 477 10
98 478 10
98 479 5
98 480 5
98 481 5
98 482 10
98 483 10
98 484 4535
98 486 5
98 487 5
99 101 840
99 106 1545
99 107 57830
99 109 18485
99 110 7695
99 112 155
99 113 5
99 149 10
99 170 2355
99 171 1025
99 172 1345
99 173 645
99 174 2155
99 175 5
99 176 1330
99 177 5
99 178 24165
99 179 1495
99 180 1650
99 181 155
99 182 19600
99 183 5
99 184 5
99 185 5505
99 186 10
99 187 1690
99 188 5
99 189 31455
99 190 155
99 191 9390
99 192 24335
99 194 5
99 200 5
99 203 5
99 206 550
99 207 5
99 209 5
99 213 5
99 220 10
99 231 135
100 102 330
100 105 10
100 107 2010
100 108 140
100 109 7510
100 110 18030
100 112 5
100 113 350
100 114 505
100 116 5
100 121 5
100 127 5
100 128 5
100 142 195
100 149 5
100 170 350
100 172 1040
100 174 10
100 176 15
100 177 355
100 178 1140
100 179 5
100 181 5
100 182 2540
100 183 10
100 185 1655
100 186 10
100 187 3180
100 188 5
100 189 350
100 190 10
100 192 1170
100 194 5
100 200 5
100 206 15
100 209 5
100 220 15
100 231 15
101 102 5
101 106 10
101 107 34365
101 108 160
101 109 14345
101 110 28555
101 112 980
101 113 140
101 114 185
101 170 605
101 171 160
101 172 140
101 173 145
101 174 310
101 175 5
101 176 675
101 177 165
101 178 1865
101 179 310
101 180 5
101 182 2400
101 183 5
101 184 5
101 185 770
101 187 525
101 188 5
101 189 2050
101 190 5
101 191 5
101 192 460
101 206 330
101 220 10
101 231 5
102 105 5
102 108 10
102 109 805
102 110 4855
102 112 265
102 113 610
102 114 7600
102 116 1875
102 127 135
102 128 5
102 130 150
102 136 5
102 142 430
102 170 5
102 177 10
102 178 5
102 182 120
102 183 5
102 185 5
102 186 5
102 187 5
102 188 5
102 189 270
102 190 10
102 192 5
102 206 5
102 220 5
103 104 1745
103 105 5
103 108 10
103 110 10
103 113 165
103 115 15
103 120 10
103 126 10
103 127 5
103 128 10
103 130 5
103 132 5
103 139 5
103 140 10
103 141 15
103 142 15
103 143 10
103 144 20
103 176 5
103 177 5
103 182 5
103 185 5
103 206 5
103 457 10
103 465 5
103 466 10
103 468 5
103 473 5
103 477 5
103 479 5
104 107 175
104 108 335
104 109 185
104 110 20
104 115 1015
104 117 5
104 120 10
104 123 5
104 125 5
104 126 5
104 127 10
104 128 10
104 130 5
104 135 5
104 136 5
104 139 10
104 140 5
104 142 125
104 143 5
104 144 155
104 177 20
104 182 5
104 186 5
104 187 5
104 188 5
104 189 5
104 190 5
104 200 5
104 206 5
104 209 5
104 220 15
104 224 5
104 226 5
104 231 10
104 457 25
104 468 5
104 472 5
104 473 5
104 480 5
104 482 5
104 484 5
104 486 10
105 108 9020
105 109 5
105 110 835
105 113 10
105 114 5
105 127 5
105 128 5
105 142 510
105 170 5
105 172 5
105 176 5
105 177 15
105 178 5
105 179 5
105 182 30
105 183 5
105 185 145
105 186 5
105 187 150
105 189 15
105 200 5
105 206 145
105 220 5
105 231 5
105 457 5
106 107 35875
106 109 175
106 110 670
106 112 5
106 170 1090
106 171 5
106 172 270
106 173 445
106 174 450
106 176 815
106 177 145
106 178 2460
106 179 630
106 180 140
106 182 955
106 183 5
106 184 5
106 185 145
106 186 5
106 187 615
106 188 615
106 189 1340
106 190 445
106 191 285
106 192 915
106 206 275
106 220 5
106 231 140
107 108 930
107 109 64495
107 110 74470
107 112 13710
107 113 4215
107 114 10
107 126 5
107 130 5
107 134 175
107 138 5
107 142 5
107 147 5
107 149 10
107 160 5
107 161 10
107 170 11040
107 171 650
107 172 2670
107 173 1900
107 174 9085
107 175 460
107 176 12795
107 177 1315
107 178 64640
107 179 18465
107 180 2865
107 181 430
107 182 58640
107 183 195
107 184 20
107 185 12660
107 186 200
107 187 15340
107 188 700
107 189 76095
107 190 2020
107 191 5520
107 192 61950
107 194 130
107 196 10
107 197 10
107 198 5
107 200 10
107 201 10
107 202 5
107 203 10
107 206 9505
107 207 10
107 208 5
107 209 205
107 210 5
107 211 5
107 213 10
107 214 5
107 218 5
107 219 5
107 220 735
107 224 5
107 226 5
107 231 365
107 233 5
107 234 5
107 237 5
107 240 5
107 245 5
107 246 5
107 254 5
107 464 135
108 109 3025
108 110 44565
108 111 3815
108 112 1030
108 113 350
108 114 2500
108 115 140
108 120 5
108 121 150
108 127 1075
108 128 1945
108 129 5
108 130 5
108 136 770
108 139 355
108 142 27675
108 143 5
108 170 10
108 172 5
108 173 10
108 174 140
108 175 5
108 176 5
108 177 50
108 178 295
108 179 10
108 182 335
108 183 15
108 185 15
108 186 30
108 187 1805
108 188 5
108 189 320
108 194 5
108 200 10
108 206 20
108 209 5
108 220 25
108 224 5
108 226 5
108 231 145
108 457 5
108 458 5
108 463 5
108 464 5
108 468 5
108 472 10
108 473 5
108 484 10
108 486 5
109 110 107590
109 111 565
109 112 13040
109 113 505
109 114 1080
109 116 5
109 117 5
109 121 5
109 124 5
109 126 5
109 127 10
109 128 165
109 131 305
109 134 305
109 136 5
109 138 5
109 142 2800
109 149 10
109 161 5
109 170 3885
109 171 5
109 172 1360
109 173 5
109 174 175
109 175 5
109 176 3325
109 177 16990
109 178 24865
109 179 16340
109 180 175
109 181 15
109 182 44105
109 183 25
109 184 5
109 185 22195
109 186 605
109 187 37420
109 188 10
109 189 45115
109 190 1250
109 191 5
109 192 18530
109 194 10
109 197 5
109 200 140
109 202 5
109 203 5
109 206 15390
109 209 10
109 213 10
109 219 5
109 220 6060
109 224 5
109 229 5
109 231 590
109 233 5
109 237 5
109 238 5
110 111 29920
110 112 31130
110 113 33295
110 114 77710
110 115 10
110 116 47510
110 117 10
110 120 10
110 121 505
110 123 10
110 124 1690
110 125 5
110 126 8370
110 127 2745
110 128 1830
110 129 10
110 130 3350
110 131 160
110 132 5
110 133 5
110 134 14480
110 135 135
110 136 955
110 137 5
110 138 11405
110 139 5
110 140 5
110 141 5
110 142 115490
110 143 10
110 144 15
110 146 5
110 149 10
110 160 5
110 165 5
110 170 3270
110 171 320
110 172 1920
110 173 445
110 174 490
110 175 15
110 176 2040
110 177 17105
110 178 21990
110 179 10925
110 180 170
110 181 145
110 182 54900
110 183 340
110 184 5
110 185 15485
110 186 2455
110 187 47820
110 188 325
110 189 69285
110 190 1200
110 191 175
110 192 18605
110 194 10
110 198 5
110 200 1290
110 202 5
110 203 5
110 206 14715
110 209 5
110 219 10
110 220 8675
110 224 10
110 226 20
110 228 5
110 229 5
110 231 2110
110 464 5
110 468 5
110 472 10
110 473 5
110 480 5
110 481 5
110 484 10
111 121 225
111 124 895
111 126 695
111 127 1365
111 128 650
111 130 1080
111 134 695
111 138 515
111 142 19040
111 177 5
111 182 10
111 185 5
111 187 170
111 189 5
111 206 170
111 220 5
112 113 950
112 114 4390
112 123 5
112 124 5
112 142 285
112 170 170
112 172 145
112 173 5
112 174 145
112 175 5
112 176 5
112 177 295
112 178 1220
112 179 885
112 180 5
112 182 4080
112 183 5
112 185 2165
112 187 855
112 188 10
112 189 2635
112 190 10
112 191 5
112 192 505
112 206 850
112 209 5
112 220 155
112 231 5
113 114 6385
113 116 145
113 130 165
113 142 370
113 170 295
113 172 5
113 176 155
113 177 10
113 178 145
113 181 5
113 182 530
113 183 5
113 186 10
113 187 10
113 188 5
113 189 330
113 190 5
113 200 5
113 206 5
113 209 5
113 220 5
113 226 5
113 231 10
114 116 8070
114 123 5
114 127 5
114 128 170
114 130 5
114 142 530
114 170 5
114 172 5
114 173 5
114 174 5
114 176 5
114 177 180
114 178 885
114 179 185
114 182 1795
114 183 10
114 185 165
114 186 15
114 187 345
114 188 5
114 189 1210
114 190 185
114 192 180
114 200 5
114 206 340
114 220 170
114 231 10
115 120 10
115 141 5
115 144 5
115 182 5
115 220 5
115 457 5
115 468 5
115 473 5
115 480 5
115 484 5
116 142 830
116 178 160
116 182 150
117 118 290
117 119 10
117 120 5
117 123 10
117 125 235
117 126 10
117 128 5
117 130 5
117 131 275
117 132 5
117 134 5
117 140 5
117 141 5
117 143 1230
117 144 135
117 179 5
117 182 5
117 187 5
117 189 5
117 206 5
117 220 5
118 119 125
118 120 5
118 123 5
118 125 5
118 130 5
118 132 5
118 140 5
118 141 5
118 142 10
118 143 1065
118 144 10
118 220 5
119 120 5
119 125 120
119 126 5
119 127 5
119 130 5
119 132 5
119 140 5
119 141 5
119 142 5
119 143 10
119 144 380
120 121 5
120 122 850
120 123 10
120 125 20
120 126 10
120 127 5
120 128 5
120 129 5
120 130 10
120 133 5
120 135 5
120 137 295
120 138 5
120 140 5
120 141 10
120 142 10
120 143 10
120 144 155
120 176 5
120 177 5
120 182 5
120 187 5
120 189 5
120 206 5
120 220 10
120 231 5
120 457 5
120 466 5
121 126 5
121 127 250
121 128 415
121 130 10
121 134 5
121 136 740
121 138 205
121 142 38780
121 143 5
121 189 5
121 220 5
122 125 5
122 144 5
123 124 5
123 126 5
123 127 5
123 128 10
123 130 5
123 131 5
123 134 5
123 142 5
123 143 130
123 144 10
123 177 5
123 179 5
123 182 5
123 189 5
123 220 5
123 231 5
124 126 10
124 127 10
124 128 15
124 130 140
124 131 15
124 134 5
124 135 5
124 136 130
124 138 235
124 142 52915
124 179 5
124 185 5
124 187 5
124 189 5
124 206 5
124 220 5
125 126 10
125 130 10
125 132 10
125 133 10
125 137 10
125 141 120
125 142 7370
125 143 705
125 144 1070
125 179 5
125 187 5
125 220 5
126 127 295
126 128 855
126 129 5
126 130 30
126 131 10
126 134 305
126 135 10
126 136 330
126 138 955
126 139 5
126 140 5
126 142 44095
126 143 15
126 144 10
126 172 5
126 176 10
126 177 5
126 178 5
126 179 5
126 182 10
126 185 5
126 186 5
126 187 160
126 188 5
126 189 5
126 190 10
126 200 5
126 206 5
126 220 10
126 231 5
127 128 6010
127 130 325
127 131 275
127 134 700
127 135 5
127 136 325
127 138 510
127 140 5
127 142 45790
127 143 120
127 144 5
127 177 5
127 182 5
127 189 5
127 220 5
127 466 5
127 484 5
128 130 505
128 131 400
128 133 5
128 134 1770
128 135 10
128 136 1220
128 138 855
128 139 5
128 142 47440
128 143 15
128 144 20
128 177 5
128 179 165
128 182 175
128 185 165
128 187 165
128 189 170
128 220 485
128 231 165
128 484 5
129 135 5
129 139 5
129 177 5
129 182 5
130 131 445
130 132 5
130 134 305
130 135 5
130 136 325
130 138 500
130 139 5
130 140 5
130 141 10
130 142 26905
130 143 125
130 144 135
130 170 5
130 177 5
130 182 5
130 188 5
130 189 5
130 200 5
130 220 10
130 231 5
131 134 5
131 135 10
131 136 125
131 138 85
131 142 6335
131 143 165
131 182 5
132 140 10
132 142 5
132 143 280
132 144 10
133 142 5
133 143 135
133 144 10
134 135 5
134 136 620
134 138 585
134 142 51195
134 172 5
134 177 10
134 182 10
134 185 5
134 187 160
134 190 5
134 200 5
134 206 10
134 220 10
134 231 10
135 138 570
135 139 5
135 142 340
135 177 5
135 187 5
135 189 5
135 200 5
135 206 5
135 220 5
135 231 5
136 138 680
136 142 42140
136 143 5
136 144 5
136 177 5
136 182 5
136 189 5
137 144 5
138 140 5
138 142 43015
138 143 5
138 144 5
138 172 5
138 176 5
138 177 5
138 179 5
138 182 5
138 187 80
138 189 80
138 200 5
138 206 80
138 220 10
138 231 5
139 142 5
139 143 5
139 189 5
140 142 5
140 143 10
141 143 5
141 144 420
142 143 10005
142 144 4360
142 170 155
142 177 195
142 179 5
142 182 385
142 185 5
142 186 5
142 187 5
142 189 5
142 200 5
142 206 5
142 220 205
142 231 5
143 144 440
143 177 5
143 178 5
143 186 5
143 200 5
143 220 10
143 231 5
144 177 5
144 185 5
144 186 5
144 187 5
144 220 5
144 231 5
144 466 5
144 473 5
144 480 5
144 484 5
145 146 560
145 147 140
145 148 610
145 149 5660
145 150 5
145 153 815
145 154 5
145 155 220
145 156 95
145 157 10
145 159 90
145 160 90
145 161 210
145 162 350
145 163 95
145 164 90
145 165 260
145 167 5
145 169 5
145 193 90
145 194 220
145 196 90
145 211 345
146 147 2675
146 148 5265
146 149 10050
146 150 800
146 151 705
146 153 20
146 154 5
146 155 1675
146 156 790
146 157 4295
146 159 2065
146 160 95
146 161 2460
146 162 1110
146 163 1190
146 164 1125
146 165 3295
146 166 5
146 167 200
146 168 130
146 169 1780
146 173 5
146 174 5
146 193 315
146 194 2110
146 196 325
146 197 5
146 203 5
146 204 130
146 205 10
146 207 5
146 211 1450
146 212 5
146 213 5
147 148 760
147 149 1830
147 150 480
147 151 360
147 154 5
147 155 450
147 156 110
147 157 1370
147 159 310
147 160 115
147 161 210
147 162 280
147 163 110
147 165 495
147 167 5
147 168 230
147 169 965
147 173 5
147 193 125
147 194 115
147 195 5
147 196 5
147 197 5
147 203 5
147 204 265
147 207 5
147 211 10
148 149 2980
148 150 10
148 151 265
148 155 125
148 156 260
148 157 755
148 159 235
148 160 5
148 161 225
148 162 410
148 165 105
148 167 120
148 168 5
148 169 285
148 193 5
148 194 5
148 196 5
148 197 5
148 211 5
149 150 580
149 151 725
149 152 5
149 153 2785
149 154 915
149 155 2450
149 156 1750
149 157 2580
149 159 1905
149 160 355
149 161 1230
149 162 1200
149 163 3970
149 164 250
149 165 3470
149 167 1840
149 168 1030
149 169 1200
149 170 5
149 171 1115
149 173 10
149 174 10
149 175 10
149 176 10
149 178 330
149 179 5
149 180 335
149 182 10
149 184 5
149 185 5
149 187 5
149 189 10
149 191 1275
149 192 495
149 193 235
149 194 4990
149 195 410
149 196 350
149 197 260
149 198 10
149 201 5
149 202 5
149 203 130
149 204 805
149 205 155
149 206 5
149 207 10
149 208 10
149 209 5
149 210 165
149 211 4620
149 212 520
149 213 10
149 215 5
149 216 5
149 253 5
149 464 10
149 468 5
150 151 5
150 152 90
150 154 5
150 155 335
150 156 10
150 157 15
150 159 430
150 160 115
150 161 525
150 162 280
150 165 10
150 168 995
150 169 1885
150 193 105
150 194 210
150 195 5
150 196 10
150 198 5
150 203 5
150 204 265
150 205 5
150 207 5
150 211 5
151 155 645
151 156 375
151 157 1485
151 159 515
151 161 115
151 162 5
151 163 105
151 164 5
151 169 120
151 193 10
151 194 10
151 196 105
151 205 5
151 211 5
152 158 1030
152 166 220
152 168 760
152 196 5
153 155 5
153 157 5
153 159 5
153 171 10
153 182 5
153 189 5
153 191 5
154 157 10
154 160 2625
154 161 885
154 167 5
154 168 250
154 169 5
154 173 5
154 176 5
154 193 665
154 194 7445
154 195 890
154 196 140
154 197 125
154 198 5
154 201 10
154 203 10
154 204 1125
154 205 5
154 207 335
154 210 10
154 211 5430
154 212 120
154 261 5
155 156 305
155 157 1105
155 159 860
155 160 10
155 161 490
155 162 745
155 163 5
155 165 5
155 169 335
155 193 5
155 194 5
155 211 135
156 157 765
156 159 215
156 160 115
156 161 10
156 162 185
156 163 10
156 165 10
156 167 5
156 168 5
156 169 85
156 194 10
156 196 5
156 205 5
156 211 135
156 212 5
157 159 1240
157 160 210
157 161 185
157 162 225
157 163 275
157 165 400
157 166 5
157 167 5
157 168 130
157 169 780
157 193 140
157 194 125
157 195 5
157 196 155
157 197 5
157 198 5
157 203 5
157 204 130
157 205 5
157 207 10
157 210 5
157 211 15
157 213 5
158 166 290
158 168 105
158 194 5
159 160 10
159 161 320
159 162 710
159 163 5
159 165 5
159 168 105
159 169 230
159 173 5
159 193 10
159 194 10
159 196 5
159 203 5
159 207 5
159 211 5
160 161 195
160 162 5
160 165 5
160 168 110
160 169 110
160 173 5
160 193 3905
160 194 6640
160 195 385
160 196 205
160 197 5
160 203 595
160 204 3595
160 205 145
160 208 5
160 211 8015
161 162 405
161 163 5
161 165 5
161 167 5
161 168 310
161 169 100
161 173 10
161 175 5
161 192 5
161 193 220
161 194 1595
161 195 535
161 196 125
161 197 135
161 198 5
161 203 5
161 204 430
161 205 10
161 207 180
161 211 3095
162 167 5
162 168 225
162 169 400
162 193 5
162 194 5
162 201 5
162 204 5
162 211 5
163 165 1805
163 169 300
163 191 5
164 165 410
165 167 170
165 168 5
165 169 235
165 171 175
165 173 5
165 178 5
165 182 5
165 194 115
165 197 5
165 205 5
165 211 135
165 464 5
166 168 205
166 194 10
167 194 5
168 169 210
168 193 125
168 194 255
168 195 5
168 196 130
168 198 5
168 203 5
168 204 550
168 205 125
168 210 130
168 211 400
168 212 125
168 213 125
169 193 130
169 194 10
169 195 5
169 196 5
169 203 5
169 204 265
169 211 5
170 171 165
170 172 160
170 174 20
170 176 2370
170 178 16755
170 179 165
170 180 160
170 181 5
170 182 19590
170 185 2410
170 187 4425
170 189 17825
170 190 10
170 191 3030
170 192 12220
170 194 5
170 198 5
170 201 5
170 203 5
170 206 5
170 207 5
170 213 5
170 464 5
170 484 5
171 173 5
171 174 620
171 176 5
171 178 1605
171 179 5
171 180 1120
171 182 10
171 184 10
171 189 450
171 191 7945
171 192 4895
171 206 5
171 476 5
172 174 5
172 176 275
172 177 10
172 178 885
172 179 780
172 181 150
172 182 29945
172 185 960
172 187 5650
172 188 190
172 189 5150
172 190 2285
172 191 5
172 192 1060
172 196 5
172 198 5
172 206 600
172 207 5
172 209 5
172 213 10
172 220 10
172 231 5
172 476 5
173 174 995
173 175 20
173 178 2170
173 182 340
173 185 5
173 189 710
173 191 150
173 192 5865
173 195 5
173 197 130
173 211 5
173 457 5
174 175 185
174 176 180
174 177 5
174 178 17580
174 179 5
174 180 165
174 182 535
174 184 5
174 185 5
174 187 5
174 189 16150
174 191 6455
174 192 20930
174 196 5
174 197 5
174 464 115
175 178 3205
175 180 5
175 182 185
175 185 5
175 189 2500
175 192 3750
176 178 19965
176 179 1655
176 181 185
176 182 18985
176 185 1180
176 187 8355
176 189 26910
176 190 10
176 191 760
176 192 9200
176 194 195
176 196 5
176 198 115
176 201 5
176 202 5
176 203 5
176 205 5
176 206 110
176 207 5
176 208 5
176 213 125
176 216 5
176 476 5
177 178 305
177 179 4490
177 181 5
177 182 32270
177 183 2215
177 185 5555
177 186 30470
177 187 43310
177 188 5
177 189 2260
177 190 5
177 191 10
177 192 10
177 194 5
177 200 2030
177 202 120
177 206 19165
177 207 10
177 209 265
177 214 5
177 219 775
177 220 13780
177 226 290
177 229 4675
177 231 22460
177 464 10
177 468 5
177 473 5
177 484 5
178 179 14395
178 180 12525
178 181 10
178 182 36045
178 183 5
178 184 300
178 185 3020
178 186 165
178 187 18005
178 188 670
178 189 46920
178 190 1045
178 191 16105
178 192 38995
178 197 170
178 206 2340
178 207 10
178 209 5
178 220 10
178 231 10
178 464 5
178 476 5
178 484 5
179 181 915
179 182 23885
179 185 6070
179 187 11755
179 188 155
179 189 21200
179 190 335
179 191 2085
179 192 4270
179 194 10
179 200 5
179 201 5
179 202 5
179 203 5
179 205 5
179 206 755
179 207 10
179 209 150
179 213 190
179 220 5
179 231 5
179 464 5
179 476 5
180 182 385
180 184 25
180 189 670
180 191 9680
180 192 13275
180 464 5
180 476 5
181 182 155
181 185 5
181 187 305
181 188 625
181 189 165
181 190 290
181 192 5
181 194 135
181 200 5
181 201 5
181 202 5
181 203 5
181 205 5
181 206 630
181 207 15
181 208 5
181 209 430
181 213 15
181 216 5
181 220 5
181 231 5
182 183 655
182 184 5
182 185 25995
182 186 2415
182 187 46370
182 188 19250
182 189 52260
182 190 28595
182 191 335
182 192 26815
182 196 5
182 200 15
182 201 5
182 203 5
182 206 23210
182 207 5
182 209 5
182 213 5
182 219 5
182 220 8140
182 226 5
182 231 3415
182 458 5
182 464 5
182 472 5
182 473 5
182 476 5
182 484 10
183 185 10
183 186 10
183 187 8690
183 189 10
183 194 5
183 202 5
183 206 10
183 209 5
183 220 10
183 231 10
183 468 5
183 472 5
183 473 5
184 189 5
184 191 155
184 192 1285
185 186 320
185 187 15340
185 188 5
185 189 11835
185 190 310
185 191 10
185 192 4295
185 200 5
185 206 5585
185 209 5
185 220 1485
185 231 185
185 484 5
186 187 19495
186 189 10
186 191 5
186 200 470
186 206 2620
186 209 5
186 219 5885
186 220 8860
186 223 5
186 224 10
186 226 1105
186 229 9405
186 231 9865
186 232 5
186 233 10
186 238 5
186 464 5
186 468 5
186 473 5
186 484 5
187 188 9595
187 189 33990
187 190 14930
187 191 130
187 192 3780
187 200 2310
187 203 5
187 206 18215
187 207 5
187 209 5
187 213 5
187 219 295
187 220 6650
187 226 685
187 229 335
187 231 5910
187 476 5
187 484 5
188 189 4995
188 190 1100
188 192 10
188 200 5
188 206 190
188 207 5
188 208 5
188 209 5
188 213 5
189 190 18820
189 191 3655
189 192 36080
189 200 5
189 201 5
189 203 5
189 206 11735
189 208 5
189 209 10
189 213 5
189 220 2270
189 226 5
189 231 10
189 464 5
189 468 5
189 476 5
189 484 5
190 191 130
190 192 350
190 194 10
190 198 5
190 201 5
190 206 870
190 209 5
190 213 5
191 192 22105
191 206 180
191 220 5
191 464 10
192 206 345
192 207 5
192 231 5
192 457 5
192 464 5
192 468 5
192 484 5
193 194 1305
193 195 5
193 196 10
193 197 5
193 203 5
193 204 1665
193 205 315
193 207 5
193 210 5
193 211 2215
193 212 5
194 195 5
194 196 4695
194 197 285
194 198 535
194 199 5
194 200 330
194 201 1120
194 202 20
194 203 9440
194 204 1300
194 205 13225
194 206 680
194 207 19560
194 208 1565
194 209 4290
194 210 1040
194 211 14390
194 212 3880
194 213 25965
194 214 355
194 215 20
194 216 445
194 219 5
194 220 15
194 231 10
194 233 150
194 234 5
194 235 10
194 237 25
194 238 5
194 239 5
194 240 15
194 242 5
194 244 5
194 246 5
194 253 10
194 254 460
194 258 5
194 261 135
194 262 10
194 279 5
194 445 270
195 196 215
195 197 2480
195 198 5
195 201 5
195 208 5
195 211 5
195 212 5
196 197 230
196 198 1080
196 203 395
196 204 5
196 205 570
196 206 5
196 207 135
196 208 130
196 209 10
196 211 170
196 212 5
196 213 125
196 215 5
196 216 5
196 220 5
197 198 5
197 203 5
197 204 185
197 207 5
197 211 1110
197 212 5
198 201 5
198 203 15
198 204 5
198 205 5
198 207 5
198 208 10
198 212 5
198 213 135
198 216 5
198 233 5
198 240 5
199 200 150
199 201 130
199 202 5
199 203 5
199 205 4460
199 207 5
199 208 430
199 210 10
199 212 5
199 213 265
199 214 145
199 216 5
199 220 5
199 224 5
199 233 5
199 234 5
199 235 5
199 237 10
199 241 5
199 258 5
199 261 5
200 201 420
200 202 1320
200 203 5
200 205 5945
200 206 150
200 207 410
200 208 4545
200 209 375
200 210 310
200 212 5
200 213 10
200 214 1760
200 215 5
200 216 925
200 219 265
200 220 1435
200 223 5
200 224 15
200 225 10
200 226 710
200 229 140
200 231 200
200 232 5
200 233 1600
200 234 855
200 235 240
200 236 5
200 237 3625
200 238 15
200 239 135
200 240 530
200 241 655
200 242 10
200 243 10
200 244 3995
200 245 550
200 246 650
200 254 170
200 256 5
200 258 15
200 261 10
200 262 5
200 264 5
200 268 5
200 276 5
200 279 5
200 285 5
200 294 5
201 202 20
201 203 15
201 205 6440
201 206 300
201 207 150
201 208 1660
201 209 260
201 210 2425
201 211 5
201 212 665
201 213 800
201 214 150
201 215 540
201 216 5
201 220 275
201 233 725
201 235 5
201 237 140
201 240 5
201 253 130
201 254 140
201 261 130
201 262 5
202 205 730
202 206 10
202 207 945
202 208 165
202 209 245
202 210 5
202 213 10
202 214 360
202 216 130
202 220 20
202 231 5
202 233 10
202 234 5
202 235 10
202 237 15
202 240 5
202 241 5
202 244 5
202 245 5
202 246 5
202 254 15
202 261 5
203 204 5
203 205 3035
203 207 2085
203 208 1165
203 209 175
203 210 5
203 211 930
203 212 130
203 213 3835
203 214 5
203 216 5
203 220 5
203 233 5
203 237 5
203 240 5
203 261 5
203 262 5
204 211 4520
205 206 765
205 207 6370
205 208 16365
205 209 3090
205 210 1385
205 211 125
205 212 1085
205 213 1230
205 214 3895
205 215 430
205 216 7510
205 219 10
205 220 925
205 224 5
205 233 1165
205 234 5
205 235 985
205 236 125
205 237 1855
205 238 5
205 239 125
205 240 895
205 241 280
205 242 5
205 243 5
205 244 10
205 245 10
205 246 5
205 251 5
205 253 5
205 254 610
205 256 5
205 258 10
205 261 125
205 262 10
205 264 5
205 278 5
205 279 5
206 207 1565
206 208 10
206 209 305
206 210 5
206 213 15
206 214 5
206 216 450
206 219 145
206 220 30
206 229 335
206 231 25
206 233 270
206 234 5
206 237 5
206 240 5
206 258 5
206 261 5
206 262 5
206 484 5
207 208 595
207 209 6445
207 210 5
207 211 580
207 212 135
207 213 16695
207 214 875
207 216 9440
207 220 10
207 233 10
207 237 10
207 240 20
207 241 5
207 254 10
207 256 5
207 258 5
208 209 395
208 210 775
208 211 5
208 212 10
208 213 1000
208 214 5425
208 216 720
208 219 10
208 220 905
208 224 10
208 225 5
208 231 5
208 233 13000
208 234 160
208 235 7515
208 236 805
208 237 5915
208 238 15
208 239 510
208 240 7825
208 241 2135
208 242 10
208 243 260
208 244 155
208 245 275
208 246 500
208 251 5
208 253 10
208 254 11525
208 255 140
208 256 5
208 258 145
208 261 2215
208 262 705
208 264 415
208 276 5
208 277 5
208 279 5
208 285 5
208 294 5
209 210 120
209 212 5
209 213 1785
209 214 255
209 216 2290
209 220 10
209 231 10
209 233 250
209 237 5
209 240 255
209 254 120
210 211 155
210 212 2910
210 213 160
210 214 5
210 215 3190
210 216 10
210 218 5
210 219 5
210 220 595
210 233 2375
210 235 5
210 236 10
210 237 160
210 238 10
210 239 130
210 240 825
210 241 5
210 242 5
210 243 710
210 244 5
210 246 5
210 248 5
210 249 310
210 251 5
210 253 4390
210 254 8825
210 255 140
210 256 5
210 258 10
210 261 2120
210 262 165
210 264 765
210 268 10
210 271 5
210 279 5
210 294 10
210 445 160
211 212 145
211 213 5
211 261 5
212 213 10
212 214 5
212 215 155
212 233 5
212 237 5
212 240 5
212 253 10
212 254 625
212 261 355
212 445 550
213 214 10
213 216 1985
213 220 5
213 233 160
213 237 5
213 240 125
213 254 10
213 261 5
213 262 5
214 216 965
214 220 295
214 224 5
214 233 820
214 234 5
214 235 515
214 237 140
214 240 275
214 241 10
214 242 5
214 244 10
214 245 10
214 246 5
214 254 125
214 261 5
214 262 5
215 233 5
215 243 5
215 253 10
215 254 595
215 261 130
215 445 5
216 220 630
216 233 400
216 235 125
216 237 5
216 240 5
216 261 5
216 262 10
217 219 9530
217 220 5
217 221 5
217 222 5
217 223 280
217 224 5
217 226 490
217 228 130
217 229 195
217 230 5
217 232 5
217 234 5
218 219 1175
218 220 10
218 221 10
218 222 165
218 224 10
218 227 20
218 228 4365
218 230 1230
218 233 5
218 238 10
218 244 10
218 258 5
218 267 115
218 269 120
218 270 140
218 273 175
218 275 215
218 277 3930
218 279 5
218 280 405
218 282 5
218 283 735
218 284 365
218 285 5
218 286 500
218 287 300
218 289 390
218 295 2390
218 300 520
218 301 5
218 303 5
218 308 5
218 337 10
218 339 10
218 343 5
218 344 5
218 349 15
219 220 13395
219 221 5070
219 222 7185
219 223 1365
219 224 940
219 226 13920
219 227 1185
219 228 13075
219 229 7645
219 230 20
219 231 150
219 232 165
219 233 15
219 234 10
219 237 10
219 238 10
219 240 10
219 241 5
219 242 10
219 244 5
219 245 145
219 246 10
219 254 5
219 258 10
219 267 335
219 269 105
219 270 10
219 272 10
219 273 385
219 274 5
219 275 10
219 277 3110
219 279 10
219 280 425
219 283 1360
219 284 655
219 285 5
219 286 460
219 287 85
219 288 5
219 289 385
219 290 5
219 292 10
219 294 5
219 295 775
219 299 5
219 300 135
219 301 5
219 303 5
219 337 10
219 339 10
219 344 10
219 349 15
220 221 320
220 222 10
220 223 1685
220 224 510
220 226 5770
220 228 270
220 229 4890
220 230 5
220 231 625
220 232 275
220 233 3070
220 234 290
220 235 345
220 236 5
220 237 1660
220 238 15
220 239 5
220 240 760
220 241 195
220 242 10
220 243 115
220 244 945
220 245 525
220 246 1520
220 254 470
220 258 5
220 261 150
220 262 5
220 264 5
220 272 5
220 279 5
220 283 5
220 464 5
220 468 5
220 473 5
220 484 5
221 222 2295
221 224 325
221 226 530
221 228 2385
221 229 5
221 230 5
221 232 155
221 277 5
221 295 5
222 224 325
222 226 450
222 228 4555
222 229 5
222 230 5
222 232 280
222 233 5
222 237 5
222 246 105
222 280 5
222 283 5
223 224 115
223 226 2300
223 229 1685
223 231 5
224 225 15
224 226 2490
224 227 5
224 228 145
224 229 555
224 230 5
224 231 5
224 232 910
224 233 15
224 234 125
224 235 5
224 237 5
224 238 5
224 240 10
224 241 5
224 242 5
224 244 15
224 245 10
224 246 20
225 232 5
225 233 5
225 234 10
225 237 225
225 240 5
225 241 5
225 244 5
225 246 10
225 254 5
226 228 510
226 229 2750
226 231 540
226 232 295
226 233 10
226 234 10
226 235 120
226 238 5
226 244 5
226 245 5
226 246 150
227 228 870
227 230 135
227 267 185
227 270 5
227 272 5
227 273 675
227 275 10
227 277 5420
227 279 5
227 280 230
227 283 1165
227 284 395
227 286 665
227 287 110
227 289 385
227 290 5
227 292 5
227 295 360
227 299 5
227 300 140
227 301 5
227 303 5
228 229 175
228 230 880
228 232 5
228 234 5
228 238 310
228 267 165
228 269 190
228 270 5
228 273 265
228 275 95
228 277 1340
228 279 10
228 280 380
228 282 5
228 283 5
228 284 390
228 286 315
228 287 160
228 289 140
228 295 1240
228 300 160
228 301 5
228 308 5
228 339 5
228 349 10
229 231 1135
229 232 140
229 234 5
229 246 5
229 283 5
230 233 10
230 237 5
230 238 5
230 240 5
230 244 5
230 258 5
230 267 5
230 270 5
230 275 10
230 277 5
230 279 5
230 280 5
230 284 5
230 285 5
230 286 5
230 287 5
230 288 5
230 289 5
230 295 155
230 300 5
230 301 5
230 337 5
230 339 5
230 344 5
230 349 5
231 233 5
231 235 5
231 241 5
232 233 10
232 234 5
232 237 10
232 238 10
232 240 5
232 242 5
232 244 125
232 246 105
233 234 515
233 235 1525
233 236 1135
233 237 8005
233 238 25
233 239 800
233 240 7985
233 241 5215
233 242 20
233 243 1315
233 244 290
233 245 310
233 246 1005
233 248 5
233 251 5
233 253 165
233 254 7330
233 255 135
233 256 10
233 258 495
233 261 4110
233 262 805
233 264 665
233 268 5
233 276 5
233 279 10
233 288 5
233 295 5
234 235 155
234 237 215
234 238 5
234 240 10
234 241 10
234 242 5
234 244 605
234 245 420
234 246 1550
234 254 155
234 279 5
235 237 960
235 238 5
235 240 605
235 241 1060
235 242 5
235 243 5
235 244 245
235 245 370
235 246 140
235 258 10
235 261 5
235 262 5
236 237 135
236 238 5
236 239 10
236 240 375
236 241 5
236 243 10
236 244 5
236 254 490
236 255 5
236 256 5
236 258 5
236 261 10
236 262 5
236 264 5
237 238 280
237 239 135
237 240 10170
237 241 7490
237 242 135
237 243 135
237 244 4085
237 245 1355
237 246 1680
237 254 1080
237 256 115
237 258 270
237 261 805
237 262 355
237 264 155
237 268 5
237 279 5
237 285 10
237 288 5
237 295 5
238 239 5
238 240 135
238 241 10
238 242 40
238 243 150
238 244 15
238 245 5
238 246 15
238 254 10
238 258 30
238 261 5
238 262 5
238 264 5
238 268 5
238 272 5
238 276 5
238 279 10
238 283 5
238 285 95
238 288 5
239 240 840
239 241 130
239 243 1200
239 244 5
239 248 265
239 249 115
239 251 5
239 253 5
239 254 5650
239 255 135
239 256 5
239 258 5
239 261 3965
239 262 15
239 264 990
240 241 1860
240 242 10
240 243 1950
240 244 505
240 245 400
240 246 350
240 248 5
240 249 145
240 251 5
240 253 150
240 254 4385
240 255 135
240 256 10
240 258 135
240 261 4375
240 262 860
240 264 845
240 279 10
240 288 5
240 294 5
241 242 115
241 243 125
241 244 20
241 245 15
241 246 445
241 254 315
241 256 5
241 258 5
241 261 155
241 262 10
241 279 5
241 294 5
242 244 15
242 245 5
242 246 10
242 254 5
242 256 5
242 258 15
242 262 110
242 264 5
242 279 5
243 244 5
243 248 5
243 251 130
243 254 3385
243 255 145
243 256 130
243 258 145
243 261 1740
243 262 2320
243 264 125
243 268 10
243 276 5
243 288 5
243 294 125
244 245 2095
244 246 250
244 254 10
244 258 5
244 261 5
244 262 5
244 279 10
244 283 80
244 285 5
245 246 25
245 254 135
245 258 5
246 254 5
246 261 10
246 279 5
246 285 5
247 248 110
247 253 5
247 254 5
247 261 2740
247 262 10
247 264 5
247 265 5
247 268 265
248 249 510
248 250 1120
248 251 5
248 252 5
248 253 5
248 254 745
248 256 120
248 258 10
248 259 2580
248 260 10
248 261 19110
248 262 5
248 263 5
248 264 1795
248 265 4825
248 266 445
248 268 530
248 271 10
248 272 5
248 278 105
248 283 5
248 288 5
248 293 10
248 294 120
248 297 5
248 298 10
248 299 5
248 305 5
248 308 620
248 311 5
248 318 300
248 330 5
248 333 335
249 252 6985
249 253 1795
249 254 2490
249 257 130
249 259 510
249 260 10140
249 261 14200
249 262 520
249 263 8710
249 264 5360
249 265 1035
249 266 5
249 297 125
249 298 95
249 304 5
249 308 435
249 313 5
249 314 125
249 315 5
249 318 125
249 321 130
249 323 130
249 324 125
249 325 120
249 330 335
249 333 4080
250 252 155
250 259 2745
250 260 260
250 261 5
250 263 5
250 265 2305
250 266 305
250 271 500
250 272 5
250 278 260
250 293 10
250 294 5
250 298 145
250 308 10
250 318 10
250 325 5
250 330 5
250 333 435
250 349 140
250 373 5
251 254 10
251 255 310
251 256 365
251 258 20
251 261 10
251 262 590
251 264 15
251 268 10
251 276 5
251 279 10
251 285 5
251 288 5
251 294 115
252 257 1180
252 259 375
252 260 905
252 261 245
252 263 1600
252 264 5
252 265 345
252 266 100
252 293 115
252 296 230
252 297 5
252 298 5
252 304 115
252 305 5
252 307 80
252 308 320
252 312 5
252 314 190
252 321 425
252 323 815
252 324 5
252 325 860
252 327 90
252 330 3310
252 333 5010
253 254 2920
253 256 5
253 259 5
253 261 7065
253 262 10
253 264 2935
253 265 10
253 294 5
254 255 140
254 256 10
254 258 570
254 259 5
254 261 30795
254 262 3905
254 264 7850
254 265 10
254 268 5
254 271 5
254 272 5
254 276 110
254 279 5
254 294 5
254 333 155
254 445 185
255 256 405
255 258 5
255 261 145
255 262 835
255 264 150
255 268 135
255 276 5
255 294 5
256 258 115
256 261 360
256 262 740
256 264 330
256 268 785
256 272 5
256 276 10
256 278 10
256 279 5
256 285 5
256 288 5
256 294 520
257 259 330
257 261 5
257 263 5
257 265 140
257 298 100
257 304 5
257 305 5
257 308 575
257 314 3265
257 318 1095
257 319 110
257 321 100
257 323 330
257 325 475
257 330 1080
257 333 6000
258 261 10
258 262 380
258 264 15
258 268 5
258 269 5
258 272 10
258 274 10
258 275 10
258 276 875
258 277 5
258 279 415
258 280 10
258 281 10
258 283 180
258 285 880
258 286 5
258 287 5
258 288 530
258 292 115
258 293 5
258 294 15
258 295 185
258 301 5
258 304 5
258 337 5
258 339 5
258 344 5
258 349 5
259 260 160
259 261 2485
259 264 330
259 265 9025
259 266 3135
259 271 85
259 290 5
259 293 395
259 294 5
259 296 5
259 297 225
259 298 600
259 303 115
259 306 10
259 308 130
259 314 5
259 318 270
259 319 110
259 325 155
259 330 95
259 333 1785
260 261 395
260 263 265
260 265 885
260 266 100
260 293 5
260 294 5
260 298 95
260 304 5
260 308 5
260 318 5
260 325 5
260 333 400
261 262 12990
261 263 5
261 264 36635
261 265 4580
261 266 495
261 268 8905
261 271 5
261 272 5
261 276 100
261 278 10
261 279 105
261 283 10
261 285 10
261 288 10
261 293 5
261 294 20
261 297 5
261 298 155
261 304 5
261 306 5
261 308 195
261 312 5
261 318 155
261 321 10
261 323 75
261 324 5
261 330 10
261 333 315
262 264 1775
262 268 120
262 294 10
263 264 5
263 265 10
263 266 5
263 307 80
263 312 5
263 314 5
263 321 10
263 323 400
263 325 480
263 330 1425
263 333 4290
264 265 435
264 266 5
264 268 170
264 271 5
264 276 5
264 279 5
264 285 5
264 293 5
264 294 150
264 333 150
265 266 1210
265 268 5
265 271 10
265 278 5
265 288 5
265 293 5
265 294 5
265 297 5
265 298 440
265 304 90
265 306 5
265 308 130
265 315 5
265 318 130
265 323 5
265 330 5
265 333 1495
265 349 5
266 271 10
266 278 5
266 293 5
266 296 10
266 297 10
266 298 625
266 303 5
266 304 95
266 305 5
266 306 95
266 308 5
266 314 5
266 318 270
266 320 5
266 323 5
266 330 270
266 332 5
266 333 1360
266 349 5
267 270 880
267 272 5
267 273 10
267 274 5
267 277 990
267 280 95
267 282 15
267 283 340
267 284 1160
267 286 660
267 287 1265
267 289 475
267 290 185
267 292 5
267 295 405
267 297 10
267 299 115
267 300 3455
267 301 2555
267 302 10
267 303 2460
267 304 5
267 305 230
267 308 5
267 311 10
267 315 5
267 320 5
267 333 5
267 335 5
267 336 10
267 337 595
267 339 685
267 343 15
267 344 1845
267 349 1440
267 350 5
267 355 10
267 373 5
268 276 100
268 278 5
268 279 5
268 283 5
268 285 5
268 288 5
268 294 150
269 272 5
269 273 5
269 275 1020
269 277 745
269 279 830
269 280 1590
269 283 420
269 284 115
269 286 215
269 287 115
269 295 2175
269 301 5
269 337 5
269 339 5
269 349 220
270 272 10
270 273 440
270 274 10
270 277 750
270 280 415
270 282 10
270 283 1220
270 284 2330
270 286 705
270 287 765
270 289 495
270 290 290
270 292 10
270 295 300
270 297 5
270 299 105
270 300 545
270 301 1135
270 303 10
270 308 5
270 333 5
270 335 5
270 336 5
270 337 115
270 339 370
270 343 5
270 344 570
270 349 365
271 272 5
271 278 865
271 283 5
271 294 350
271 306 5
271 308 95
271 318 5
271 330 5
271 333 10
272 273 5
272 274 90
272 275 5
272 276 315
272 277 255
272 278 10
272 279 10
272 280 185
272 281 15
272 283 1690
272 284 5
272 285 5
272 286 10
272 288 5
272 292 785
272 293 10
272 294 1995
272 295 5
272 296 5
272 297 5
272 299 5
272 300 5
272 301 5
272 304 5
272 333 10
272 336 5
272 339 5
272 343 5
272 344 5
272 349 5
273 274 5
273 277 700
273 280 200
273 282 235
273 283 1735
273 284 1945
273 286 290
273 287 115
273 289 195
273 290 1165
273 291 290
273 292 5
273 293 5
273 295 265
273 297 5
273 299 5
273 300 10
273 301 10
273 303 10
273 304 5
273 333 5
273 337 5
273 339 5
273 344 5
273 349 5
274 276 205
274 277 115
274 279 5
274 282 235
274 283 585
274 284 210
274 286 465
274 287 5
274 288 5
274 289 145
274 290 340
274 291 420
274 292 115
274 294 10
274 297 245
274 298 5
274 299 335
274 300 125
274 301 5
274 302 10
274 303 130
274 304 345
274 305 115
274 306 5
274 308 10
274 311 205
274 315 5
274 318 115
274 320 5
274 322 5
274 329 10
274 330 5
274 333 10
274 336 5
274 337 5
274 339 5
274 343 5
274 344 5
274 349 5
274 355 5
274 373 5
275 277 325
275 279 485
275 280 380
275 283 95
275 286 5
275 295 1410
275 337 5
275 339 5
275 344 5
275 349 5
276 277 5
276 278 5
276 279 15
276 281 15
276 283 1435
276 285 690
276 286 10
276 288 1325
276 292 215
276 294 10
276 295 220
277 279 450
277 280 1570
277 282 300
277 283 4890
277 284 1900
277 286 3050
277 287 1005
277 288 105
277 289 780
277 290 775
277 291 85
277 292 5
277 294 5
277 295 3460
277 297 5
277 299 135
277 300 785
277 301 305
277 303 215
277 304 5
277 337 195
277 339 195
277 343 85
277 344 300
277 349 765
278 281 5
278 283 5
278 292 5
278 293 80
278 294 2730
278 299 5
278 306 5
278 318 10
278 333 5
279 280 200
279 283 220
279 285 215
279 286 105
279 288 115
279 295 1390
279 349 5
280 282 115
280 283 2180
280 284 855
280 286 535
280 287 405
280 289 690
280 295 1900
280 300 100
280 301 110
280 308 5
280 337 225
280 339 220
280 343 5
280 344 110
280 349 350
280 355 5
281 283 205
281 285 5
281 286 5
281 292 10
281 294 10
282 283 445
282 284 1825
282 286 330
282 287 125
282 289 335
282 290 10
282 292 10
282 297 5
282 298 5
282 299 10
282 300 125
282 301 5
282 302 5
282 303 10
282 305 5
282 311 5
282 315 5
282 318 5
282 320 5
282 322 5
282 330 5
282 333 10
282 336 5
282 337 5
282 339 5
282 343 5
282 344 5
282 349 10
282 373 5
283 284 2700
283 285 275
283 286 3415
283 287 650
283 288 10
283 289 1115
283 290 1060
283 292 2955
283 294 100
283 295 845
283 296 5
283 297 105
283 299 90
283 300 955
283 301 10
283 303 440
283 304 5
283 311 5
283 318 5
283 333 235
283 337 225
283 339 230
283 344 525
283 349 845
284 286 1400
284 287 1005
284 289 1660
284 290 1730
284 292 5
284 295 500
284 299 5
284 300 455
284 301 645
284 302 5
284 303 10
284 305 5
284 308 5
284 311 5
284 315 5
284 320 5
284 322 5
284 333 5
284 336 5
284 337 340
284 339 800
284 343 5
284 344 1050
284 349 1250
284 350 5
284 355 5
284 373 5
285 288 195
285 295 5
286 287 1095
286 289 815
286 290 560
286 292 10
286 294 5
286 295 415
286 300 1060
286 301 690
286 303 5
286 308 5
286 333 5
286 335 5
286 337 10
286 339 120
286 343 5
286 344 115
286 349 720
287 289 700
287 290 10
287 292 5
287 295 330
287 300 1970
287 301 1990
287 303 10
287 308 5
287 333 5
287 335 5
287 337 500
287 339 860
287 343 10
287 344 1200
287 349 1075
287 355 5
288 294 5
289 290 680
289 292 5
289 295 180
289 300 490
289 301 230
289 303 5
289 308 5
289 333 5
289 337 145
289 339 285
289 343 5
289 344 620
289 349 380
290 291 620
290 292 10
290 293 5
290 297 205
290 299 395
290 300 190
290 301 185
290 302 90
290 303 805
290 304 185
290 305 110
290 306 5
290 311 175
290 315 5
290 320 105
290 325 5
290 333 10
290 339 10
290 343 85
290 344 90
290 349 85
290 355 5
290 373 5
291 293 5
291 296 10
291 297 220
291 298 110
291 299 105
291 300 110
291 302 5
291 303 10
291 304 600
291 305 105
291 306 10
291 311 105
291 315 5
291 318 5
291 320 5
291 325 5
291 330 85
291 333 110
291 339 5
291 349 5
291 373 5
292 294 15
292 295 90
292 297 5
292 299 5
292 300 5
292 301 5
292 302 5
292 303 10
292 304 10
292 305 5
292 311 5
292 315 5
292 318 5
292 320 5
292 322 5
292 330 5
292 333 5
292 336 5
292 337 5
292 339 5
292 343 5
292 344 5
292 349 5
292 373 5
293 294 115
293 296 5
293 297 115
293 299 10
293 300 5
293 302 125
293 303 115
293 304 215
293 305 5
293 306 10
293 308 10
293 311 10
293 312 5
293 313 75
293 315 5
293 318 5
293 321 5
293 322 5
293 330 10
293 333 10
293 337 5
293 339 5
293 344 5
293 349 10
293 355 5
294 296 5
294 299 5
294 304 5
294 306 5
294 308 10
294 318 5
294 333 10
295 300 300
295 301 10
295 337 85
295 339 95
295 343 5
295 344 85
295 349 270
296 297 1100
296 298 300
296 299 190
296 300 5
296 303 10
296 304 745
296 305 105
296 306 1780
296 308 95
296 311 200
296 312 5
296 313 5
296 315 5
296 318 645
296 320 5
296 321 85
296 322 5
296 325 270
296 328 5
296 330 180
296 332 195
296 333 980
296 339 5
296 349 5
296 373 5
297 298 415
297 299 1060
297 300 145
297 301 5
297 302 490
297 303 1575
297 304 730
297 305 1640
297 306 2000
297 308 730
297 311 390
297 315 185
297 318 300
297 320 185
297 322 195
297 323 115
297 330 5
297 333 905
297 336 5
297 339 15
297 343 130
297 344 100
297 349 115
297 368 5
297 373 100
298 299 105
298 300 10
298 302 5
298 303 10
298 304 385
298 305 10
298 306 660
298 308 110
298 311 5
298 315 5
298 318 730
298 320 5
298 322 5
298 325 5
298 328 5
298 329 5
298 330 5
298 332 200
298 333 400
298 344 5
298 349 5
298 355 5
298 373 5
299 300 770
299 301 115
299 302 2375
299 303 2620
299 304 315
299 305 2605
299 306 115
299 308 955
299 311 1505
299 315 390
299 316 5
299 318 5
299 319 80
299 320 350
299 321 5
299 322 445
299 323 10
299 329 5
299 330 5
299 333 335
299 336 5
299 339 15
299 343 10
299 344 30
299 345 5
299 349 1400
299 355 110
299 373 350
300 301 3095
300 302 1150
300 303 3430
300 304 5
300 305 485
300 306 5
300 308 145
300 311 515
300 315 125
300 318 105
300 320 275
300 322 5
300 323 5
300 328 75
300 329 5
300 330 5
300 333 15
300 336 225
300 337 1025
300 339 2035
300 343 1010
300 344 3295
300 349 7590
300 355 15
300 368 995
300 369 5
300 373 230
301 302 5
301 303 940
301 304 10
301 305 5
301 308 10
301 311 5
301 335 10
301 336 5
301 337 845
301 339 1000
301 343 230
301 344 2110
301 349 1290
301 355 5
302 303 920
302 304 130
302 305 1045
302 306 5
302 308 240
302 311 595
302 322 5
302 333 5
302 336 5
302 339 15
302 343 10
302 344 130
302 349 505
303 304 615
303 305 1680
303 306 325
303 308 485
303 311 960
303 312 5
303 315 425
303 316 5
303 318 105
303 320 215
303 321 5
303 322 395
303 323 210
303 329 5
303 330 200
303 333 200
303 336 10
303 337 10
303 339 175
303 343 155
303 344 480
303 349 2145
303 351 5
303 355 10
303 358 5
303 369 5
303 373 10
304 305 15
304 306 730
304 308 10
304 311 10
304 315 5
304 318 185
304 320 5
304 325 80
304 330 5
304 333 125
304 337 5
304 339 10
304 344 5
304 345 5
304 349 10
304 373 5
305 306 100
305 307 100
305 308 3045
305 311 625
305 315 915
305 316 5
305 318 175
305 319 80
305 320 210
305 321 5
305 322 320
305 323 990
305 325 5
305 328 160
305 329 10
305 330 10
305 332 10
305 333 15
305 339 15
305 343 5
305 344 260
305 349 885
305 355 5
305 369 5
305 373 100
306 308 10
306 311 10
306 315 5
306 318 110
306 320 5
306 321 5
306 325 5
306 330 5
306 332 5
306 333 15
306 349 110
306 373 5
307 308 3110
307 314 80
307 315 215
307 320 115
307 321 80
307 322 260
307 323 1000
307 325 265
307 328 745
307 330 155
307 332 95
307 333 155
308 311 635
308 312 100
308 313 190
308 314 325
308 315 4385
308 318 905
308 319 160
308 320 1610
308 321 450
308 322 3625
308 323 6265
308 324 95
308 325 620
308 327 110
308 328 2685
308 329 10
308 330 5450
308 331 10
308 332 2530
308 333 9130
308 336 315
308 337 5
308 339 10
308 343 15
308 344 95
308 345 5
308 349 1200
308 350 5
308 351 95
308 352 5
308 355 270
308 358 5
308 362 5
308 363 5
308 368 300
308 369 5
308 373 420
309 312 3045
309 313 120
309 314 115
309 319 195
309 321 320
309 323 85
309 327 195
309 330 5
309 331 95
309 333 245
309 349 5
309 373 5
310 312 90
310 316 5
310 317 280
310 321 180
310 324 1535
310 326 10
310 352 5
310 353 280
310 355 5
310 377 5
310 382 365
310 383 510
310 389 205
310 390 730
310 392 5
310 393 5
310 396 5
310 399 275
310 400 5
310 403 200
310 429 5
310 435 85
311 312 5
311 315 500
311 316 5
311 320 305
311 322 110
311 323 240
311 328 5
311 329 5
311 330 5
311 332 5
311 333 10
311 336 5
311 339 5
311 343 5
311 344 5
311 349 695
311 355 10
311 358 5
311 368 5
311 369 5
311 373 200
312 313 120
312 315 5
312 316 105
312 319 2495
312 320 10
312 321 4660
312 323 1090
312 324 2000
312 326 10
312 327 200
312 329 210
312 330 10
312 331 770
312 333 1805
312 334 770
312 349 10
312 352 5
312 353 5
312 355 10
312 357 5
312 358 5
312 359 5
312 364 5
312 369 10
312 370 10
312 373 380
312 382 5
312 383 10
312 389 5
313 315 105
313 318 5
313 319 75
313 321 385
313 323 770
313 325 75
313 327 520
313 330 485
313 332 5
313 333 3620
314 318 480
314 321 5
314 323 495
314 325 215
314 328 5
314 330 1755
314 333 3590
315 316 5
315 318 5
315 319 5
315 320 1160
315 321 290
315 322 1780
315 323 2995
315 328 190
315 329 115
315 330 205
315 331 5
315 332 175
315 333 310
315 334 90
315 336 550
315 337 5
315 339 5
315 343 2030
315 344 5
315 345 5
315 349 3250
315 351 5
315 355 15
315 366 5
315 368 1465
315 369 5
315 371 5
315 373 410
316 317 5
316 319 10
316 320 105
316 322 5
316 323 5
316 324 10
316 326 1310
316 331 105
316 333 5
316 334 265
316 349 5
316 352 105
316 355 185
316 358 5
316 364 85
316 368 5
316 369 5
316 370 10
316 373 195
316 390 5
317 324 800
317 326 95
317 334 5
317 352 10
317 353 785
317 355 85
317 358 5
317 360 90
317 364 5
317 365 10
317 369 10
317 370 5
317 373 5
317 374 10
317 376 5
317 378 95
317 382 650
317 383 1410
317 389 620
317 390 385
317 393 5
317 394 80
317 396 5
317 398 10
317 399 15
317 400 5
317 403 740
317 420 5
317 429 5
317 432 105
317 435 85
317 437 5
317 438 5
318 322 5
318 323 85
318 325 555
318 328 5
318 330 640
318 332 1160
318 333 5305
318 349 105
318 373 5
319 320 10
319 321 2075
319 322 10
319 323 10
319 324 495
319 326 90
319 327 90
319 329 675
319 330 300
319 331 115
319 333 220
319 334 770
319 349 85
319 355 505
319 368 5
319 369 500
319 373 915
320 322 900
320 323 540
320 324 5
320 326 5
320 328 5
320 329 110
320 330 5
320 332 5
320 333 460
320 334 10
320 336 240
320 337 5
320 339 5
320 343 2165
320 344 5
320 345 335
320 349 2130
320 350 10
320 351 120
320 355 130
320 358 10
320 363 5
320 368 770
320 369 5
320 370 5
320 373 410
321 322 95
321 323 1255
321 324 5120
321 325 185
321 327 635
321 328 10
321 330 380
321 331 645
321 332 100
321 333 1530
321 334 540
321 349 95
321 355 105
321 369 245
321 373 640
321 377 5
321 382 185
321 383 95
321 390 420
321 392 10
321 393 90
321 394 80
321 399 10
321 400 5
321 402 5
321 403 95
321 411 5
321 414 5
321 420 5
321 429 120
321 432 215
321 435 85
321 437 5
321 438 5
322 323 2090
322 326 5
322 327 5
322 328 105
322 329 480
322 330 10
322 332 10
322 333 10
322 336 10
322 339 5
322 343 5
322 345 100
322 349 205
322 351 5
322 355 10
322 363 5
322 368 75
322 373 190
323 324 280
323 325 180
323 326 5
323 327 870
323 328 5
323 329 10
323 330 6385
323 331 105
323 332 5
323 333 7495
323 334 10
323 336 220
323 337 5
323 339 5
323 343 260
323 345 100
323 349 595
323 351 5
323 352 5
323 355 20
323 358 5
323 366 5
323 368 165
323 369 5
323 373 80
323 382 5
323 411 5
323 435 85
324 326 10
324 327 110
324 329 5
324 330 90
324 331 395
324 333 385
324 334 10
324 338 5
324 340 5
324 349 5
324 352 10
324 353 360
324 355 10
324 357 5
324 358 5
324 360 10
324 361 5
324 363 5
324 368 5
324 369 15
324 370 5
324 372 5
324 373 5
324 374 5
324 377 5
324 378 75
324 382 700
324 383 430
324 386 5
324 387 5
324 389 285
324 390 2245
324 391 5
324 392 535
324 393 175
324 394 85
324 395 5
324 396 5
324 398 10
324 399 520
324 400 10
324 402 190
324 403 470
324 404 10
324 408 5
324 428 5
324 429 200
324 432 220
324 435 165
324 437 10
324 438 5
325 328 335
325 330 3150
325 332 145
325 333 8750
326 331 5
326 334 5
326 349 5
326 352 210
326 353 10
326 355 15
326 358 10
326 359 5
326 360 5
326 364 15
326 369 10
326 370 10
326 373 105
326 374 5
326 379 5
326 382 10
326 383 5
326 390 5
326 393 5
326 399 5
326 403 5
327 330 155
327 333 3570
328 329 5
328 330 1405
328 332 3400
328 333 1190
328 355 5
328 373 5
329 330 5
329 331 110
329 333 10
329 334 200
329 336 5
329 349 10
329 355 10
329 369 5
329 373 105
330 331 190
330 332 525
330 333 23085
330 349 10
330 355 5
330 358 5
330 369 195
330 373 200
331 333 395
331 334 5
331 352 5
331 353 5
331 355 10
331 358 5
331 373 5
332 333 1100
332 349 5
332 373 5
333 334 110
333 336 5
333 337 5
333 339 5
333 343 5
333 344 5
333 349 15
333 350 5
333 355 15
333 358 5
333 369 110
333 373 15
333 394 80
333 411 5
333 420 5
333 429 5
333 435 85
333 438 5
334 336 5
334 349 10
334 355 180
334 358 5
334 361 5
334 363 10
334 369 380
334 373 775
335 337 265
335 339 5
335 343 445
335 344 5
335 346 5
335 349 10
335 350 450
335 355 125
336 337 5
336 343 3060
336 345 105
336 349 5820
336 350 10
336 351 100
336 355 130
336 357 5
336 362 5
336 363 10
336 368 1695
336 369 5
336 373 110
337 339 10
337 343 10
337 344 970
337 349 125
337 350 5
337 351 5
337 355 5
337 368 5
337 375 5
338 340 30350
338 341 3710
338 342 585
338 345 100
338 346 3875
338 347 8410
338 348 260
338 349 5
338 350 2760
338 351 10
338 354 485
338 355 5925
338 356 1760
338 358 5
338 359 4210
338 360 10
338 361 5
338 362 95
338 363 5
338 364 10
338 366 3025
338 367 9180
338 368 115
338 369 5
338 370 3115
338 371 2245
338 372 110
338 373 115
338 374 2025
338 375 1040
338 376 190
338 377 3050
338 379 1055
338 385 15
338 386 6170
338 390 5
338 397 1310
338 398 345
338 400 200
338 401 10
338 404 315
339 343 10
339 344 1030
339 349 1150
339 355 10
339 368 5
339 373 5
340 341 365
340 342 5540
340 346 705
340 347 3350
340 348 2635
340 349 10
340 350 290
340 351 5
340 354 10
340 355 1235
340 356 120
340 357 5
340 358 5
340 359 330
340 360 10
340 362 5
340 364 10
340 366 15
340 367 1005
340 369 5
340 370 25
340 371 145
340 373 5
340 374 15
340 375 15
340 376 10
340 377 700
340 379 130
340 385 205
340 386 995
340 390 5
340 396 5
340 397 3300
340 398 15
340 400 10
340 401 110
340 404 10
341 345 10
341 347 15
341 349 10
341 350 395
341 351 10
341 354 140
341 355 515
341 356 475
341 358 10
341 359 830
341 360 10
341 361 10
341 362 5
341 363 5
341 364 5
341 365 5
341 366 745
341 367 4380
341 368 10
341 369 10
341 370 550
341 371 950
341 372 10
341 373 5
341 374 415
341 375 240
341 376 5
341 377 880
341 379 10
341 385 5
341 386 2440
341 397 365
341 400 5
341 404 115
342 346 5
342 347 10
342 355 5
342 359 5
342 367 5
342 377 85
343 344 495
343 345 110
343 346 2010
343 347 10
343 349 11875
343 350 11955
343 351 685
343 355 2415
343 359 5
343 362 10
343 363 5
343 366 10
343 367 10
343 368 3110
343 370 5
343 371 10
343 372 5
343 373 685
343 375 140
344 349 1830
344 355 5
344 368 135
344 373 260
345 346 5
345 347 105
345 349 405
345 350 1815
345 351 1045
345 354 85
345 355 775
345 356 290
345 357 5
345 359 550
345 360 15
345 361 430
345 362 760
345 363 100
345 366 385
345 367 405
345 368 1015
345 370 10
345 371 1295
345 372 515
345 373 670
345 374 305
345 375 460
345 376 5
345 377 10
345 379 10
345 386 120
345 397 5
346 347 1225
346 349 855
346 350 7140
346 354 5
346 355 545
346 356 5
346 366 5
346 367 10
346 368 10
346 369 5
346 370 215
346 371 120
346 373 5
346 375 5
346 377 5
347 349 5
347 350 1000
347 351 10
347 354 5
347 355 110
347 359 10
347 366 5
347 367 105
347 368 5
347 370 5
347 371 5
347 372 5
347 373 5
347 375 10
347 377 5
347 386 120
347 404 5
348 350 5
348 355 5
348 359 5
348 366 5
348 367 95
348 370 5
348 374 5
348 377 370
348 379 5
348 385 95
348 386 115
348 390 5
348 397 985
348 398 5
348 404 5
349 350 6575
349 351 230
349 353 5
349 354 5
349 355 1735
349 356 5
349 357 10
349 358 5
349 359 5
349 360 5
349 361 10
349 362 105
349 363 10
349 366 10
349 367 10
349 368 6535
349 369 5
349 370 5
349 371 330
349 372 5
349 373 2100
349 374 5
349 375 5
349 376 5
349 379 5
350 351 550
350 354 95
350 355 3475
350 356 185
350 357 5
350 358 10
350 359 1070
350 360 10
350 361 250
350 362 265
350 363 5
350 366 270
350 367 1340
350 368 705
350 369 10
350 370 315
350 371 1110
350 372 540
350 373 845
350 374 405
350 375 345
350 377 30
350 379 10
350 386 145
350 397 150
350 398 5
351 354 5
351 355 360
351 356 5
351 357 10
351 359 10
351 361 10
351 362 655
351 363 105
351 366 230
351 367 135
351 368 1380
351 371 1085
351 372 340
351 373 235
351 375 95
352 353 110
352 355 90
352 358 105
352 360 5
352 365 520
352 369 5
352 370 100
352 373 5
352 376 5
352 378 5
352 382 10
352 383 10
352 387 5
352 389 110
352 390 390
352 392 5
352 393 295
352 394 5
352 399 200
352 402 90
352 411 5
352 414 5
352 427 5
352 429 105
352 432 105
352 435 5
353 355 10
353 358 5
353 359 5
353 360 10
353 365 10
353 370 5
353 373 5
353 374 5
353 378 150
353 379 5
353 382 165
353 383 555
353 389 225
353 390 755
353 392 325
353 393 220
353 394 80
353 396 5
353 398 5
353 399 20
353 400 5
353 402 5
353 403 370
353 414 5
353 429 125
353 432 105
353 435 10
354 355 20
354 356 5
354 357 5
354 359 10
354 360 5
354 361 10
354 366 120
354 367 1280
354 368 5
354 370 5
354 371 145
354 372 5
354 373 5
354 374 95
354 375 360
354 376 5
354 386 5
355 356 35
355 357 510
355 358 385
355 359 165
355 360 110
355 361 335
355 362 135
355 363 400
355 364 110
355 365 5
355 366 305
355 367 2680
355 368 1460
355 369 275
355 370 135
355 371 1200
355 372 470
355 373 1805
355 374 220
355 375 305
355 376 10
355 377 10
355 378 5
355 379 110
355 386 10
355 390 10
355 394 80
355 397 5
355 398 5
355 399 5
355 403 95
355 404 10
355 427 5
355 429 125
355 435 85
356 359 545
356 360 95
356 361 5
356 364 5
356 366 320
356 367 1225
356 368 20
356 369 5
356 370 205
356 371 715
356 372 340
356 373 5
356 374 330
356 375 280
356 377 5
356 379 110
356 386 5
356 397 5
357 358 5
357 361 225
357 363 625
357 366 5
357 368 10
357 369 5
357 370 5
357 371 10
357 373 440
357 374 5
357 375 10
358 359 10
358 360 100
358 364 460
358 365 5
358 366 5
358 369 20
358 370 85
358 371 5
358 372 5
358 373 15
358 374 90
358 376 5
358 378 5
358 390 5
358 404 5
359 360 505
359 361 5
359 363 5
359 364 400
359 366 605
359 367 3505
359 368 5
359 369 5
359 370 520
359 371 675
359 372 440
359 373 5
359 374 1160
359 375 475
359 376 5
359 377 10
359 379 315
359 386 15
359 390 5
359 397 10
359 398 5
359 400 100
360 361 5
360 364 10
360 365 10
360 366 10
360 367 1105
360 368 10
360 369 5
360 370 15
360 371 10
360 372 5
360 373 5
360 374 650
360 375 5
360 376 95
360 377 5
360 378 910
360 379 5
360 383 10
360 386 105
360 389 5
360 390 5
360 394 80
360 398 5
360 400 5
360 403 5
360 404 5
361 362 5
361 363 295
361 366 10
361 367 5
361 368 15
361 369 10
361 371 375
361 372 15
361 373 105
362 366 10
362 367 5
362 368 340
362 371 465
362 372 100
362 373 100
362 375 10
363 364 5
363 368 110
363 369 85
363 373 310
364 366 10
364 367 10
364 369 10
364 370 105
364 373 10
364 374 110
364 375 5
364 379 5
365 370 90
365 374 5
365 378 70
365 390 80
365 435 5
366 367 2905
366 368 225
366 369 5
366 370 15
366 371 1980
366 372 365
366 373 85
366 374 335
366 375 480
366 376 5
366 377 10
366 379 5
366 386 1295
366 397 115
366 404 5
367 368 20
367 370 3010
367 371 2185
367 372 240
367 373 395
367 374 2685
367 375 1460
367 377 3390
367 379 3040
367 385 130
367 386 5135
367 397 2400
367 398 10
367 404 250
368 369 85
368 370 5
368 371 815
368 372 255
368 373 820
368 374 5
368 375 130
368 377 5
368 386 5
368 397 5
369 370 10
369 371 5
369 373 820
369 374 10
369 375 5
369 383 5
370 371 400
370 372 255
370 373 10
370 374 220
370 375 90
370 378 5
370 379 5
370 382 5
370 383 5
370 390 5
370 393 5
370 394 80
370 399 5
370 400 5
370 403 5
370 427 5
370 432 5
371 372 1530
371 373 350
371 374 410
371 375 845
371 377 295
371 386 265
371 397 145
372 373 140
372 374 140
372 375 90
372 377 5
372 386 5
373 374 90
373 375 95
373 376 5
374 375 190
374 376 10
374 377 10
374 378 95
374 379 200
374 383 5
374 386 95
374 388 5
374 390 5
374 391 5
374 397 5
374 398 5
374 400 5
374 404 5
374 408 5
375 379 5
375 386 90
376 377 205
376 379 5
376 385 5
376 386 2890
376 388 5
376 391 10
376 397 5
376 398 825
376 400 550
376 404 830
377 379 10
377 381 125
377 385 20
377 386 310
377 388 540
377 390 440
377 391 120
377 392 410
377 393 95
377 394 1185
377 395 505
377 396 180
377 397 870
377 398 2150
377 399 960
377 400 2770
377 401 10
377 402 5
377 404 1070
377 406 5
377 407 10
377 408 120
377 411 5
377 414 5
377 427 10
377 429 1470
377 432 10
377 435 570
377 437 5
377 438 5
378 383 90
378 390 90
379 386 3540
379 397 220
379 398 5
379 404 5
380 387 105
380 402 1260
380 405 1425
380 411 6095
380 412 5
380 413 865
380 414 375
380 429 125
380 435 475
380 437 2550
381 387 10
381 388 135
381 390 245
381 392 130
381 393 5
381 394 2640
381 395 850
381 396 450
381 397 240
381 399 5
381 401 305
381 402 5
381 406 95
381 407 265
381 408 10
381 428 5
382 383 85
382 387 5
382 390 905
382 392 105
382 393 220
382 394 80
382 396 5
382 398 10
382 399 635
382 400 5
382 402 260
382 403 290
382 404 5
382 408 5
382 411 5
382 414 5
382 420 5
382 427 5
382 429 810
382 432 110
382 435 290
383 389 430
383 390 225
383 394 80
383 398 5
383 399 80
383 403 530
383 411 5
383 420 5
383 429 10
383 432 5
383 435 160
384 387 1335
384 396 5
384 399 10
384 405 100
384 406 80
384 408 10
384 429 5
384 437 5
385 386 110
385 388 5
385 390 5
385 392 80
385 394 105
385 395 5
385 397 1880
385 398 5
385 401 110
385 402 80
385 406 95
386 388 5
386 390 10
386 391 10
386 394 5
386 397 1010
386 398 1120
386 400 510
386 401 5
386 404 4410
386 429 110
386 437 5
387 389 5
387 392 105
387 394 105
387 395 10
387 396 10
387 397 5
387 399 105
387 401 10
387 402 105
387 405 2550
387 406 2405
387 408 1765
387 411 5
387 413 10
387 414 5
387 429 10
387 435 5
387 437 200
388 390 765
388 391 750
388 392 530
388 393 5
388 394 1950
388 395 240
388 396 860
388 397 5
388 398 1430
388 399 225
388 400 1750
388 401 100
388 402 5
388 404 10
388 406 5
388 407 110
388 408 345
388 411 5
388 427 5
388 428 5
388 429 120
388 432 5
388 435 5
388 437 5
389 390 215
389 391 5
389 392 135
389 393 90
389 394 5
389 399 125
389 402 5
389 403 315
389 411 5
389 414 5
389 429 5
389 432 105
389 435 85
390 391 250
390 392 5940
390 393 7165
390 394 3975
390 395 330
390 396 780
390 397 10
390 398 595
390 399 5980
390 400 395
390 401 125
390 402 105
390 403 485
390 404 10
390 406 90
390 407 350
390 408 825
390 411 5
390 420 10
390 427 140
390 428 195
390 429 1540
390 431 5
390 432 25
390 435 1555
390 437 405
390 438 10
391 396 10
391 397 5
391 398 1190
391 399 5
391 400 4565
391 404 10
391 408 10
391 429 205
391 432 5
391 435 5
391 437 5
392 393 290
392 394 1390
392 395 5
392 396 960
392 397 5
392 399 7805
392 400 110
392 401 10
392 402 585
392 403 95
392 405 135
392 406 95
392 407 10
392 408 295
392 411 170
392 414 5
392 427 5
392 428 85
392 429 1310
392 432 730
392 435 800
392 437 165
393 394 295
393 396 90
393 399 10
393 403 95
393 420 5
393 423 5
393 427 5
393 429 330
393 432 15
393 435 235
393 437 5
393 438 5
394 395 2405
394 396 1475
394 397 855
394 399 1390
394 400 5
394 401 1980
394 402 5
394 403 80
394 404 5
394 406 305
394 407 4060
394 408 105
394 411 10
394 414 5
394 420 5
394 423 5
394 427 5
394 429 320
394 432 195
394 435 1150
394 437 5
394 438 5
395 396 340
395 397 1160
395 399 5
395 401 1370
395 405 5
395 406 495
395 407 1195
395 408 100
395 429 5
396 397 110
396 398 5
396 399 440
396 400 5
396 401 125
396 402 225
396 405 5
396 406 205
396 407 715
396 408 335
396 429 225
396 435 295
396 437 5
397 398 5
397 399 5
397 401 2325
397 402 5
397 404 10
397 405 5
397 406 850
397 407 120
397 408 5
397 429 5
397 432 5
398 399 5
398 400 4105
398 403 5
398 404 2255
398 408 10
398 429 5
398 432 5
398 435 5
398 437 5
398 438 5
399 400 220
399 401 5
399 402 1400
399 403 320
399 405 5
399 406 90
399 408 110
399 411 1775
399 414 10
399 420 110
399 427 10
399 429 6970
399 432 545
399 435 3260
399 437 1175
400 403 5
400 404 2495
400 408 10
400 427 5
400 429 115
400 432 5
401 405 5
401 406 575
401 407 450
401 408 10
401 427 5
401 429 5
401 432 5
401 437 5
402 405 1170
402 408 5
402 411 5015
402 412 5
402 413 1495
402 414 575
402 420 5
402 423 5
402 429 1170
402 435 3215
402 437 5910
402 438 5
403 429 235
403 432 105
403 435 85
403 438 5
405 406 85
405 408 120
405 411 6775
405 412 10
405 413 2165
405 414 15
405 417 5
405 423 155
405 429 125
405 435 520
405 437 5120
406 407 95
406 408 10
406 429 85
406 437 5
407 408 10
408 428 5
408 429 95
408 432 5
408 435 85
408 437 100
409 415 320
409 417 140
409 423 305
409 433 295
409 437 685
410 412 3295
410 414 5
410 415 5
410 419 10
410 420 5
410 422 5
410 423 2245
410 424 295
410 427 5
410 429 5
410 432 5
410 433 5
410 437 1405
410 438 5490
411 412 280
411 413 6045
411 414 1955
411 417 140
411 420 5
411 423 10
411 429 90
411 432 5
411 435 5050
411 437 6250
411 438 115
412 413 160
412 414 145
412 416 130
412 419 10
412 420 5
412 422 10
412 423 1455
412 424 860
412 425 130
412 427 150
412 428 5
412 429 10
412 430 5
412 432 130
412 433 5
412 436 5
412 437 4950
412 438 5200
413 414 765
413 417 840
413 420 5
413 423 5
413 429 5
413 432 5
413 435 915
413 437 10700
413 438 10
414 420 10
414 428 5
414 429 20
414 432 5
414 435 15
414 437 420
414 438 5
415 417 290
415 419 5
415 423 170
415 433 10
415 437 30
415 438 290
416 419 140
416 421 1895
416 422 1500
416 423 140
416 425 270
416 426 5
416 436 1415
416 437 5
416 438 1480
417 423 1000
417 437 1875
418 420 120
418 421 275
418 422 500
418 426 5
418 431 270
418 432 95
418 438 5
419 423 945
419 425 920
419 429 5
419 433 5
419 436 5
419 437 140
419 438 1040
420 421 5
420 422 35
420 423 10
420 424 5
420 426 10
420 427 1335
420 428 245
420 429 20
420 430 1235
420 431 555
420 432 3665
420 434 2695
420 435 95
420 436 260
420 437 130
420 438 2070
421 422 5865
421 423 5
421 426 2920
421 432 95
421 434 5
421 436 1655
421 438 2185
422 423 5
422 425 5
422 426 1270
422 427 10
422 430 255
422 431 240
422 432 100
422 434 5
422 436 2825
422 437 125
422 438 1230
423 424 100
423 425 105
423 427 5
423 428 10
423 432 10
423 433 305
423 435 5
423 436 5
423 437 10730
423 438 6925
424 427 5
424 432 5
424 437 200
424 438 960
425 436 105
425 437 280
425 438 1195
426 431 5
426 436 605
426 438 10
427 428 370
427 429 430
427 430 285
427 431 5
427 432 920
427 435 85
427 437 240
427 438 155
428 429 500
428 432 710
428 435 85
428 437 105
428 438 20
429 430 120
429 431 5
429 432 560
429 434 5
429 435 2070
429 437 580
429 438 220
430 432 130
430 435 85
430 436 665
430 437 5
430 438 790
431 432 205
431 434 10
431 438 120
432 434 160
432 435 275
432 436 5
432 437 435
432 438 280
433 437 1115
433 438 5
434 438 10
435 437 3745
435 438 10
436 437 125
436 438 1855
437 438 5955
439 445 5
439 446 130
439 447 10
439 448 5
439 453 5
439 454 10
439 456 2060
440 445 255
440 447 115
440 449 320
440 454 10
440 456 10
441 443 125
441 444 630
441 445 250
441 446 1530
441 447 5
441 450 135
441 451 5
441 452 770
441 453 3815
441 454 640
441 455 5
441 456 490
442 445 885
442 447 5
442 451 10
442 453 10
442 454 5
442 455 790
443 444 115
443 446 735
443 448 100
443 450 1415
443 452 225
443 453 10
443 456 5
444 445 5
444 446 4870
444 447 5
444 450 115
444 452 345
444 453 1460
444 456 465
445 446 25
445 447 1525
445 449 10
445 451 270
445 452 130
445 453 1635
445 454 1560
445 455 2030
445 456 15
446 447 10
446 448 1905
446 450 365
446 451 5
446 452 7390
446 453 7690
446 454 145
446 455 5
446 456 3870
447 449 230
447 453 400
447 454 1445
447 455 5
447 456 135
448 450 100
448 452 210
448 453 5
448 456 260
449 454 10
449 456 10
450 452 3060
450 453 10
450 456 10
451 452 140
451 453 30
451 454 5
451 455 1785
452 453 530
452 454 5
452 455 10
452 456 20
453 454 3720
453 455 560
453 456 530
454 455 5
454 456 270
457 458 5
457 463 15
457 464 15
457 465 325
457 466 580
457 467 5
457 468 100
457 469 5
457 470 340
457 471 610
457 472 5
457 473 20
457 476 5
457 477 1755
457 478 10
457 479 20
457 480 175
457 481 5
457 482 795
457 483 15
457 484 25
457 486 60
457 487 5
458 459 620
458 460 1250
458 462 10
458 464 15
458 468 15
458 472 2615
458 473 10
458 474 15
458 475 15
458 476 770
458 478 550
458 481 10
458 484 1145
458 485 5
459 460 5
459 461 5
459 462 10
459 464 5
459 468 10
459 472 670
459 473 10
459 474 5
459 476 520
459 478 5
459 479 5
459 481 325
459 483 5
459 484 10
460 464 10
460 468 25
460 472 970
460 473 10
460 474 5
460 475 10
460 476 5
460 478 5
460 484 1385
460 485 160
461 462 135
461 476 5
461 481 940
462 468 5
462 472 10
462 473 5
462 476 505
462 481 1050
463 482 15
463 484 10
464 467 5
464 468 155
464 472 160
464 473 10
464 474 10
464 475 5
464 476 10
464 478 10
464 484 3815
464 485 395
464 487 5
465 466 130
465 467 5
465 468 1400
465 469 5
465 470 10
465 472 5
465 473 5
465 477 170
465 479 5
465 482 5
465 483 5
465 484 15
465 486 5
465 487 10
466 468 15
466 469 5
466 470 15
466 471 10
466 473 5
466 477 260
466 478 5
466 479 5
466 483 5
467 468 615
467 472 10
467 473 10
467 474 310
467 484 640
467 485 465
467 487 10
468 469 275
468 470 5
468 472 35
468 473 200
468 474 175
468 475 20
468 476 15
468 477 5
468 478 10
468 479 140
468 480 15
468 481 15
468 482 5
468 483 25
468 484 935
468 485 330
468 486 10
468 487 455
469 479 5
470 471 10
470 477 15
470 478 5
470 479 5
471 477 5
471 482 5
471 484 5
472 473 175
472 474 20
472 475 180
472 476 520
472 477 5
472 478 100
472 479 10
472 480 5
472 481 155
472 483 10
472 484 2015
472 485 20
472 486 5
472 487 135
473 474 15
473 475 5
473 476 10
473 478 10
473 479 5
473 480 10
473 481 10
473 482 5
473 483 5
473 484 280
473 485 160
473 486 10
473 487 165
474 475 5
474 476 10
474 478 5
474 481 5
474 484 345
474 485 140
475 476 5
475 478 5
475 484 10
475 485 5
476 480 5
476 481 985
476 484 10
476 485 5
476 487 5
477 480 15
477 482 145
477 484 15
477 486 10
478 479 5
478 483 5
478 484 285
479 483 905
479 484 10
480 481 5
480 482 10
480 484 10
480 486 285
481 484 10
481 485 5
481 486 5
481 487 5
482 484 5
482 486 5
482 487 5
483 484 10
484 485 2065
484 486 10
484 487 10